4 0.46484375 0.33984375 0.06328125 0.04609375
4 0.6609375 0.196875 0.1 0.07734375
4 0.80703125 0.64609375 0.07421875 0.05
4 0.7 0.309375 0.0890625 0.05234375
4 0.590625 0.39921875 0.078125 0.03984375
4 0.50546875 0.46484375 0.078125 0.05859375
4 0.3203125 0.50859375 0.08515625 0.05859375
4 0.36640625 0.76328125 0.07421875 0.05625
4 0.509375 0.52890625 0.08515625 0.05859375
4 0.378125 0.43671875 0.10390625 0.08125
4 0.56875 0.33125 0.078125 0.05859375
4 0.58359375 0.890625 0.08515625 0.03984375
4 0.58671875 0.77421875 0.1 0.03984375
4 0.68125 0.68359375 0.10390625 0.05390625
4 0.84609375 0.80546875 0.09296875 0.06484375
4 0.240625 0.7625 0.09609375 0.07109375
4 0.15546875 0.84921875 0.0890625 0.05625
4 0.50546875 0.36796875 0.6484375 0.48984375
4 0.16640625 0.103125 0.3328125 0.19375
4 0.77734375 0.80625 0.4453125 0.38125
4 0.271875 0.83203125 0.521875 0.3359375
4 0.08359375 0.2875 0.1515625 0.14140625