4 0.5078125 0.5078125 0.984375 0.984375
4 0.6484375 0.50703125 0.11953125 0.103125
4 0.39296875 0.171875 0.096875 0.10546875
4 0.628125 0.1765625 0.08359375 0.103125
4 0.78203125 0.21796875 0.0859375 0.103125
4 0.275 0.4359375 0.10546875 0.1
4 0.39140625 0.6734375 0.1390625 0.1359375
4 0.71953125 0.77890625 0.2390625 0.153125
4 0.85859375 0.55390625 0.128125 0.14140625
4 0.52890625 0.3765625 0.075 0.146875
4 0.16640625 0.27109375 0.1609375 0.146875
4 0.16796875 0.69453125 0.103125 0.13359375
4 0.3984375 0.86640625 0.146875 0.1
4 0.7984375 0.428125 0.1359375 0.1
4 0.903125 0.11640625 0.13359375 0.14453125
4 0.45546875 0.50546875 0.128125 0.1390625
4 0.8359375 0.9625 0.2109375 0.075
4 0.12265625 0.9078125 0.2140625 0.184375
4 0.13046875 0.49296875 0.18359375 0.253125
4 0.1625 0.115625 0.196875 0.146875
4 0.38046875 0.3109375 0.13359375 0.13359375
4 0.64296875 0.34296875 0.11953125 0.16953125