4 0.4921875 0.5078125 0.984375 0.984375
4 0.3515625 0.50703125 0.11953125 0.103125
4 0.60703125 0.171875 0.096875 0.10546875
4 0.371875 0.1765625 0.08359375 0.103125
4 0.21796875 0.21796875 0.0859375 0.103125
4 0.725 0.4359375 0.10546875 0.1
4 0.60859375 0.6734375 0.1390625 0.1359375
4 0.28046875 0.77890625 0.2390625 0.153125
4 0.14140625 0.55390625 0.128125 0.14140625
4 0.47109375 0.3765625 0.075 0.146875
4 0.83359375 0.27109375 0.1609375 0.146875
4 0.83203125 0.69453125 0.103125 0.13359375
4 0.6015625 0.86640625 0.146875 0.1
4 0.2015625 0.428125 0.1359375 0.1
4 0.096875 0.11640625 0.13359375 0.14453125
4 0.54453125 0.50546875 0.128125 0.1390625
4 0.1640625 0.9625 0.2109375 0.075
4 0.87734375 0.9078125 0.2140625 0.184375
4 0.86953125 0.49296875 0.18359375 0.253125
4 0.8375 0.115625 0.196875 0.146875
4 0.61953125 0.3109375 0.13359375 0.13359375
4 0.35703125 0.34296875 0.11953125 0.16953125