14 0.525 0.628125 0.3203125 0.55
14 0.19140625 0.60625 0.3828125 0.375
14 0.79921875 0.43203125 0.4015625 0.76953125
14 0.53828125 0.215625 0.71328125 0.43046875
14 0.70390625 0.09140625 0.3046875 0.1828125
14 0.5203125 0.6390625 0.178125 0.23359375
14 0.48359375 0.8140625 0.14453125 0.19453125
14 0.6296875 0.7390625 0.1109375 0.228125
14 0.51015625 0.4359375 0.13125 0.13359375
14 0.40546875 0.63203125 0.09609375 0.1859375
14 0.575 0.55703125 0.1015625 0.1640625
14 0.434375 0.44453125 0.07578125 0.128125