51 0.69140625 0.3528645828125 0.693359375 0.33984375 0.6904296875 0.3359375 0.6826171875 0.3385416671875 0.6572265625 0.3307291671875 0.6455078125 0.3385416671875 0.6298828125 0.3385416671875 0.62109375 0.33203125 0.6171875 0.31640625 0.6767578125 0.22916666718749998 0.7001953125 0.20572916718749998 0.71484375 0.19921875 0.7109375 0.1627604171875 0.701171875 0.1315104171875 0.6943359375 0.1223958328125 0.6513671875 0.1614583328125 0.6376953125 0.1614583328125 0.6142578125 0.1458333328125 0.5908203125 0.140625 0.576171875 0.1263020828125 0.57421875 0.11328125 0.560546875 0.08463541718749999 0.5498046875 0.078125 0.5341796875 0.09114583281250001 0.5078125 0.12890625 0.474609375 0.21223958281250002 0.46875 0.28515625 0.4765625 0.33203125 0.484375 0.3502604171875 0.4990234375 0.3671875 0.5517578125 0.3958333328125 0.5771484375 0.3958333328125 0.5859375 0.4075520828125 0.5888671875 0.421875 0.619140625 0.4205729171875 0.6435546875 0.4114583328125 0.6630859375 0.3958333328125 0.677734375 0.37890625 0.69140625 0.3528645828125
51 0.603515625 0.83984375 0.6015625 0.7825520828125 0.587890625 0.7356770828125 0.5634765625 0.703125 0.55078125 0.71484375 0.5390625 0.7434895828125 0.5224609375 0.7578125 0.5048828125 0.7578125 0.4853515625 0.7447916671875 0.4658203125 0.7395833328125 0.455078125 0.7252604171875 0.451171875 0.7096354171875 0.453125 0.6940104171875 0.4609375 0.6809895828125 0.4609375 0.66796875 0.4560546875 0.6614583328125 0.4443359375 0.6640625 0.40625 0.6940104171875 0.41015625 0.71484375 0.4365234375 0.7395833328125 0.4794921875 0.7708333328125 0.4931640625 0.7734375 0.49609375 0.7799479171875 0.4833984375 0.8020833328125001 0.4775390625 0.8020833328125001 0.4697265625 0.7890625 0.4482421875 0.7708333328125 0.4150390625 0.7473958328125 0.4033203125 0.7447916671875 0.39453125 0.7591145828125 0.388671875 0.78515625 0.37890625 0.8971354171874999 0.3974609375 0.9244791671874999 0.41796875 0.89453125 0.4267578125 0.8515625 0.431640625 0.87109375 0.4296875 0.92578125 0.4423828125 0.921875 0.4619140625 0.9036458328125001 0.466796875 0.9075520828125001 0.44140625 0.94921875 0.4814453125 0.9791666671874999 0.51953125 0.98046875 0.5498046875 0.9609375 0.568359375 0.9361979171874999 0.583984375 0.9049479171874999 0.603515625 0.83984375
51 0.3447265625 0.6276041671875 0.3359375 0.63671875 0.349609375 0.6393229171875 0.3798828125 0.6328125 0.3828125 0.6236979171875 0.3681640625 0.6197916671875 0.3447265625 0.6276041671875
51 0.21484375 0.6184895828125 0.2265625 0.6419270828125 0.2431640625 0.6614583328125 0.25 0.6627604171875 0.251953125 0.65234375 0.2421875 0.62890625 0.2119140625 0.5989583328125 0.21484375 0.6184895828125
51 0.248046875 0.4153645828125 0.248046875 0.42578125 0.2607421875 0.4453125 0.2763671875 0.4583333328125 0.2890625 0.4596354171875 0.287109375 0.4388020828125 0.2705078125 0.4036458328125 0.2626953125 0.4036458328125 0.248046875 0.4153645828125
51 0.416015625 0.59765625 0.408203125 0.62890625 0.4169921875 0.6354166671875 0.4375 0.6341145828125 0.451171875 0.6080729171875 0.4384765625 0.5885416671875 0.4248046875 0.5807291671875 0.416015625 0.59765625
51 0.4375 0.4778645828125 0.435546875 0.5377604171875 0.443359375 0.55859375 0.45703125 0.5716145828125 0.4609375 0.51953125 0.455078125 0.47265625 0.4462890625 0.4505208328125 0.4375 0.4778645828125
51 0.34765625 0.51953125 0.357421875 0.5481770828125 0.3837890625 0.5833333328125 0.390625 0.58203125 0.40625 0.5377604171875 0.4091796875 0.46875 0.3662109375 0.4895833328125 0.34765625 0.51953125
51 0.3310546875 0.4270833328125 0.3310546875 0.421875 0.3603515625 0.4192708328125 0.373046875 0.4388020828125 0.373046875 0.45703125 0.3798828125 0.4583333328125 0.41015625 0.4309895828125 0.416015625 0.40234375 0.3896484375 0.3828125 0.3583984375 0.375 0.3330078125 0.375 0.2998046875 0.3854166671875 0.294921875 0.39453125 0.318359375 0.43359375 0.32421875 0.4544270828125 0.3291015625 0.4609375 0.33984375 0.4596354171875 0.3466796875 0.4557291671875 0.357421875 0.4361979171875 0.3505859375 0.4296875 0.3310546875 0.4270833328125
51 0.3232421875 0.5651041671875 0.3115234375 0.5651041671875 0.2841796875 0.5885416671875 0.2705078125 0.5859375 0.259765625 0.5716145828125 0.255859375 0.5559895828125 0.255859375 0.5403645828125 0.26953125 0.5169270828125 0.248046875 0.4830729171875 0.2333984375 0.4427083328125 0.216796875 0.4908854171875 0.203125 0.5690104171875 0.2060546875 0.5755208328125 0.2568359375 0.6067708328125 0.2822265625 0.6380208328125 0.287109375 0.63671875 0.3017578125 0.6119791671875 0.3447265625 0.6015625 0.353515625 0.5924479171875 0.3232421875 0.5651041671875
51 0.328125 0.8736979171874999 0.3310546875 0.8697916671874999 0.34375 0.9127604171874999 0.3505859375 0.9140625 0.35546875 0.9049479171874999 0.35546875 0.8736979171874999 0.361328125 0.8606770828125001 0.375 0.7434895828125 0.359375 0.70703125 0.3447265625 0.6875 0.3291015625 0.71875 0.3173828125 0.7265625 0.2822265625 0.7291666671875 0.2587890625 0.7239583328125 0.2373046875 0.6953125 0.1845703125 0.6953125 0.1640625 0.7174479171875 0.150390625 0.7486979171875 0.142578125 0.7825520828125 0.142578125 0.83984375 0.166015625 0.9231770828125001 0.1943359375 0.9609375 0.2216796875 0.9765625 0.2421875 0.9752604171874999 0.2783203125 0.9557291671874999 0.3251953125 0.9479166671874999 0.330078125 0.94140625 0.328125 0.8736979171874999