53 0.822265625 0.6702351125 0.822265625 0.5900832828125 0.8046875 0.5348061609375 0.7783203140625 0.49749410312500003 0.7138671859375 0.45880011718749997 0.6689453140625 0.45880011718749997 0.6318359359375 0.47814711093750006 0.59375 0.5320423062499999 0.5703125 0.6177218437499999 0.5703125 0.68681825 0.5859375 0.742095371875 0.6142578140625 0.7821712859375001 0.6845703140625 0.8263929828125001 0.712890625 0.8277749109375 0.7392578140625 0.818101415625 0.7685546859375 0.7932267093750001 0.802734375 0.7365676609375 0.822265625 0.6702351125
53 0.3125 0.252892834375 0.3125 0.1865602875 0.2890625 0.125755453125 0.2548828140625 0.085679540625 0.2041015640625 0.066332546875 0.1455078140625 0.07738797187499999 0.12011718593750001 0.0939711078125 0.0859375 0.1451024484375 0.072265625 0.20314342500000002 0.080078125 0.269475971875 0.1015625 0.327516953125 0.1259765640625 0.364829009375 0.1982421859375 0.3979952828125 0.224609375 0.396613353125 0.2490234359375 0.3869398578125 0.2705078140625 0.364829009375 0.3046875 0.2971145328125 0.3125 0.252892834375
53 0.56640625 0.465709759375 0.56640625 0.404904925 0.54296875 0.33028080625 0.5263671859375 0.304024175 0.4853515640625 0.27362175781250003 0.4287109359375 0.2708579015625 0.3798828140625 0.2984964625 0.330078125 0.3551555140625 0.3046875 0.4353073390625 0.306640625 0.49611217500000004 0.333984375 0.556917009375 0.3837890640625 0.6135760609375 0.4296875 0.6204857031250001 0.4794921859375 0.6108122046875 0.5185546859375 0.57764593125 0.537109375 0.54862544375 0.56640625 0.465709759375
53 0.3779296859375 0 0.328125 0.0649506171875 0.314453125 0.1451024484375 0.330078125 0.2169627078125 0.3583984359375 0.2680940453125 0.388671875 0.2860591078125 0.4267578140625 0.2680940453125 0.4775390640625 0.2680940453125 0.5087890640625 0.281913325 0.54296875 0.23354584374999998 0.556640625 0.18379643437499998 0.556640625 0.1229915984375 0.541015625 0.0677144765625 0.5087890640625 0.019346992187500002 0.4775390640625 0 0.3779296859375 0
53 0.7666015640625 0.48643867968750004 0.7763671859375 0.48643867968750004 0.787109375 0.471237471875 0.810546875 0.407668778125 0.814453125 0.33857237812499996 0.791015625 0.275003684375 0.7685546859375 0.2432193390625 0.7119140640625 0.20176149687499997 0.6552734359375 0.1989976421875 0.6181640640625 0.215580778125 0.58984375 0.24460126875000002 0.564453125 0.2971145328125 0.560546875 0.3689747921875 0.58984375 0.49334832031250003 0.5986328140625 0.508549528125 0.60546875 0.5071675984375 0.6357421859375 0.47261939843749995 0.6708984359375 0.45603626249999996 0.7119140640625 0.45603626249999996 0.7666015640625 0.48643867968750004
53 1 0.252892834375 0.9677734359375 0.221108490625 0.9287109359375 0.212816921875 0.8818359359375 0.229400059375 0.845703125 0.2667121171875 0.818359375 0.32475309375 0.818359375 0.407668778125 0.826171875 0.4463627640625 0.8525390640625 0.4892025359375 0.9013671859375 0.527896521875 0.94921875 0.5320423062499999 1 0.5016398875 1 0.252892834375
53 1 0.0013819296875 0.8447265640625 0 0.83984375 0.0069096421875 0.83984375 0.089825325 0.83203125 0.1395747359375 0.849609375 0.18379643437499998 0.8916015640625 0.218344634375 0.9365234359375 0.210053065625 0.97265625 0.2169627078125 1 0.1976157125 1 0.0013819296875
53 0.837890625 0.034548203124999996 0.8310546859375 0.0055277125 0.58984375 0.0013819296875 0.58984375 0.08706146718749999 0.6015625 0.125755453125 0.6259765640625 0.1658313671875 0.6611328140625 0.19623378593750002 0.7021484359375 0.19623378593750002 0.763671875 0.22525427343749999 0.802734375 0.1865602875 0.828125 0.131283165625 0.837890625 0.089825325 0.837890625 0.034548203124999996
53 0.271484375 0.5209868828124999 0.259765625 0.47676518437500004 0.2353515640625 0.43668926875 0.1865234359375 0.3952314265625 0.1318359359375 0.384176003125 0.07910156406249999 0.41181456406250005 0.0546875 0.4408350515625 0.025390625 0.5016398875 0.01953125 0.5652085796875 0.0283203140625 0.58870135625 0.0576171859375 0.6108122046875 0.10058593593750001 0.674380896875 0.1455078140625 0.7047833140625 0.16796875 0.7089290984375001 0.2099609359375 0.6909640328125 0.25390625 0.6398326937500001 0.267578125 0.5983748531249999 0.271484375 0.5209868828124999
53 0.119140625 0.7835532125 0.107421875 0.7061652406250001 0.080078125 0.64536040625 0.043945314062500004 0.6025206375 0.0009765640625 0.58317364375 0.00390625 0.9936062781249999 0.049804685937499996 0.9618219343750001 0.0859375 0.91069059375 0.111328125 0.849885759375 0.119140625 0.7835532125
53 0.3173828140625 0.7490050125 0.2509765640625 0.7047833140625 0.1962890640625 0.7020194578125001 0.1611328140625 0.72136645 0.134765625 0.753150796875 0.12109375 0.7807893578125 0.107421875 0.8885797453125001 0.109375 0.9604400046875 0.1259765640625 0.9949882078125001 0.32421875 0.9963701374999999 0.349609375 0.9521484390625 0.359375 0.891343603125 0.345703125 0.8001363484375 0.3173828140625 0.7490050125
53 0.615234375 0.8029002078125 0.59375 0.769733934375 0.568359375 0.689582103125 0.5322265640625 0.655033903125 0.4931640640625 0.643978478125 0.4560546859375 0.643978478125 0.4072265640625 0.6716170406249999 0.36328125 0.7448592265625 0.35546875 0.7863170703125 0.353515625 0.8250110562499999 0.375 0.9051628828125 0.4111328140625 0.9701135031250001 0.4443359359375 0.9977520640625 0.5546875 0.9963701374999999 0.57421875 0.9770231421875 0.607421875 0.9023990281250001 0.6171875 0.8526496171875 0.615234375 0.8029002078125
53 0.7646484359375 0.8540315453125 0.7099609359375 0.8429761203125 0.6669921859375 0.8512676890625 0.6298828140625 0.87890625 0.595703125 0.9300375890625 0.576171875 0.990842425 0.5810546859375 1 0.85546875 0.999133990625 0.857421875 0.9853147124999999 0.841796875 0.9328014437500001 0.8056640640625 0.87890625 0.7646484359375 0.8540315453125
53 1 0.6674712546875 0.9716796859375 0.643978478125 0.9248046859375 0.6246314859375001 0.8662109359375 0.6384507671875 0.822265625 0.68681825 0.79296875 0.7807893578125 0.791015625 0.8526496171875 0.8388671859375 0.9093086671874999 0.8916015640625 0.9922243515625 0.970703125 0.9963701374999999 1 0.9742592875 1 0.6674712546875
53 0.08203125 0.310933815625 0.0625 0.2169627078125 0.024414064062499997 0.1685952234375 0.0009765640625 0.1520120875 0.00390625 0.474001325 0.041992185937499996 0.44221698125 0.0703125 0.396613353125 0.080078125 0.3634470796875 0.08203125 0.310933815625
53 0.423828125 0.6370688390625 0.3798828140625 0.6135760609375 0.3447265640625 0.57764593125 0.3271484359375 0.5472435140624999 0.3154296859375 0.5472435140624999 0.2900390640625 0.5638266515625 0.2734375 0.5873194296875 0.251953125 0.6508881171875001 0.24609375 0.695109815625 0.2978515640625 0.7268941625 0.349609375 0.7807893578125 0.365234375 0.7338038015625 0.388671875 0.689582103125 0.421875 0.6536519765625 0.423828125 0.6370688390625
53 0.904296875 0.5403338718749999 0.8427734359375 0.48091096718750004 0.8115234359375 0.42286998750000004 0.779296875 0.49611217500000004 0.8046875 0.5320423062499999 0.8203125 0.5735001468750001 0.828125 0.6702351125 0.8564453140625 0.641214621875 0.9091796859375 0.6273953421875 0.9140625 0.5790278578125 0.904296875 0.5403338718749999
53 1 0.5099314578125 0.9677734359375 0.530660378125 0.9228515640625 0.5389519453125 0.919921875 0.5707362921875 0.927734375 0.6204857031250001 1 0.6619435421875 1 0.5099314578125