32 0.29765625 0.24453125 0.2375 0.3109375
32 0.496875 0.225 0.22265625 0.4
32 0.71640625 0.21015625 0.22109375 0.41953125
32 0.659375 0.4171875 0.20625 0.31875
32 0.48828125 0.44375 0.23984375 0.29375
32 0.309375 0.4546875 0.21875 0.28828125
32 0.16328125 0.428125 0.22265625 0.3078125
32 0.4 0.66328125 0.22109375 0.31875
32 0.29765625 0.8015625 0.22109375 0.265625
32 0.5625 0.64765625 0.20390625 0.32734375
32 0.74375 0.653125 0.20859375 0.35546875
32 0.84609375 0.44375 0.22890625 0.35
32 0.903125 0.2515625 0.19375 0.34140625
32 0.9078125 0.6375 0.184375 0.303125
32 0.190625 0.65078125 0.23984375 0.321875