24 0.24296875 0.24765625 0.1140625 0.190625
24 0.38984375 0.2546875 0.16171875 0.16875
24 0.29921875 0.484375 0.165625 0.15234375
24 0.6953125 0.33515625 0.0890625 0.2234375
24 0.484375 0.4578125 0.21328125 0.18515625
24 0.3421875 0.6703125 0.28359375 0.29296875
24 0.79453125 0.40390625 0.18359375 0.2328125
24 0.7 0.76015625 0.096875 0.275
24 0.62421875 0.721875 0.096875 0.2203125
24 0.5171875 0.72109375 0.13984375 0.23046875
24 0.2109375 0.85546875 0.19921875 0.203125
24 0.17421875 0.6265625 0.1765625 0.2421875
24 0.9296875 0.48671875 0.13984375 0.18125