27 0.74765625 0.5171875 0.1796875 0.27578125
27 0.58125 0.61953125 0.184375 0.26640625
27 0.3765625 0.69765625 0.1796875 0.23984375
27 0.11796875 0.42109375 0.16875 0.24921875
27 0.28671875 0.521875 0.15546875 0.23671875
27 0.42890625 0.40703125 0.16875 0.175
27 0.428125 0.54375 0.17109375 0.15703125
27 0.584375 0.44921875 0.18203125 0.18046875
27 0.88125 0.38359375 0.1359375 0.228125
27 0.8109375 0.25625 0.1375 0.16875
27 0.7203125 0.36328125 0.178125 0.16875
27 0.5390625 0.3203125 0.1796875 0.171875
27 0.321875 0.3140625 0.12890625 0.178125
27 0.24140625 0.425 0.13984375 0.2046875