16 0.625 0.1125 0.06796875 0.13984375
16 0.69609375 0.12734375 0.1125 0.1609375
16 0.55234375 0.0984375 0.10078125 0.15
16 0.43828125 0.171875 0.09765625 0.15859375
16 0.49375 0.2109375 0.06953125 0.12578125
16 0.35859375 0.18515625 0.12734375 0.165625
16 0.39296875 0.153125 0.0859375 0.1921875
16 0.2890625 0.21640625 0.21328125 0.11328125
16 0.8703125 0.0984375 0.03671875 0.11015625
16 0.9078125 0.175 0.06796875 0.1078125
16 0.9640625 0.15703125 0.0640625 0.09921875
16 0.91953125 0.071875 0.1109375 0.13984375
16 0.828125 0.08125 0.115625 0.09765625
16 0.5171875 0.296875 0.05 0.11328125
16 0.4765625 0.38671875 0.1078125 0.18671875
16 0.35 0.40859375 0.29296875 0.14296875
16 0.3734375 0.3984375 0.21015625 0.18984375
16 0.3140625 0.55625 0.0859375 0.1875
16 0.36640625 0.55859375 0.1203125 0.1765625
16 0.51640625 0.6171875 0.084375 0.15859375
16 0.4640625 0.628125 0.0796875 0.16015625
16 0.67890625 0.4875 0.1171875 0.0953125
16 0.634375 0.428125 0.09453125 0.0640625
16 0.72734375 0.34921875 0.115625 0.12421875
16 0.8125 0.3453125 0.27734375 0.1640625
16 0.309375 0.54296875 0.234375 0.1765625
16 0.2625 0.70234375 0.24921875 0.22421875
16 0.2875 0.7296875 0.16015625 0.178125
16 0.6234375 0.6265625 0.0890625 0.20859375
16 0.8578125 0.49140625 0.26640625 0.19453125