19 0.38828125 0.2015625 0.3671875 0.403125
19 0.33203125 0.75 0.07265625 0.1046875
19 0.35546875 0.6015625 0.0796875 0.1265625
19 0.2796875 0.6828125 0.09296875 0.09609375
19 0.33828125 0.503125 0.09765625 0.12109375
19 0.41171875 0.4984375 0.0796875 0.16171875
19 0.43671875 0.7390625 0.03671875 0.0765625
19 0.3921875 0.82578125 0.053125 0.07421875
19 0.4890625 0.8296875 0.04296875 0.06015625
19 0.49765625 0.94375 0.04609375 0.06328125
19 0.63359375 0.521875 0.43984375 0.86796875
19 0.73125 0.225 0.425 0.45