39 0.6734375 0.23828125 0.071875 0.08984375
39 0.78359375 0.2671875 0.046875 0.06484375
39 0.72734375 0.38203125 0.04375 0.1
39 0.85 0.3078125 0.06484375 0.10859375
39 0.76015625 0.15078125 0.06484375 0.1046875
39 0.74921875 0.24765625 0.4984375 0.4953125
39 0.21484375 0.75703125 0.04765625 0.08359375
39 0.14140625 0.71953125 0.06015625 0.0984375
39 0.25703125 0.69140625 0.03828125 0.103125
39 0.26171875 0.909375 0.05859375 0.0953125
39 0.32734375 0.67734375 0.0375 0.08203125
39 0.340625 0.5453125 0.05 0.08984375
39 0.26015625 0.71796875 0.43828125 0.44296875