44 0.3069182390625 0.3974609375 0.304402515625 0.3740234375 0.2905660375 0.35546875 0.24528301875 0.341796875 0.194968553125 0.34375 0.09937106875 0.375 0.037735848437500004 0.4091796875 0.0075471703125 0.4482421875 0 0.4736328125 0.0025157234375 0.4873046875 0.012578615625000001 0.5009765625 0.036477987499999996 0.515625 0.06415094375 0.5234375 0.0981132078125 0.5224609375 0.20754717031249997 0.484375 0.2578616359375 0.4609375 0.2842767296875 0.4423828125 0.3069182390625 0.3974609375
44 0.8578616359375 0.6064453125 0.8477987421875 0.5830078125 0.82767295625 0.5595703125 0.8201257859375 0.5400390625 0.8050314468750001 0.5205078125 0.7836477984375 0.50390625 0.74591195 0.484375 0.7257861640625001 0.478515625 0.6981132078125001 0.478515625 0.6566037734375 0.5009765625 0.631446540625 0.5322265625 0.6213836484375 0.5595703125 0.6213836484375 0.6025390625 0.6289308171875 0.6298828125 0.6515723265625 0.6728515625 0.6716981125 0.6943359375 0.6981132078125001 0.712890625 0.7308176093750001 0.724609375 0.787421384375 0.7236328125 0.8188679249999999 0.716796875 0.8477987421875 0.6923828125 0.8654088046874999 0.6513671875 0.8578616359375 0.6064453125
44 0.42012578593749994 0.8173828125 0.422641509375 0.7705078125 0.41257861562500003 0.7275390625 0.4 0.7080078125 0.386163521875 0.697265625 0.3710691828125 0.693359375 0.3433962265625 0.697265625 0.286792453125 0.7353515625 0.25408805 0.7822265625 0.24402515781249998 0.8134765625 0.24654088125 0.8486328125 0.26163522031249997 0.8662109375 0.28553459062500003 0.876953125 0.3295597484375 0.8857421875 0.35597484218750003 0.880859375 0.381132075 0.8671875 0.41006289375 0.8408203125 0.42012578593749994 0.8173828125
44 0.4176100625 0.6337890625 0.394968553125 0.5986328125 0.3635220125 0.583984375 0.31823899375 0.57421875 0.267924528125 0.576171875 0.2377358484375 0.58203125 0.21509433906250003 0.591796875 0.1937106921875 0.6083984375 0.1786163515625 0.6298828125 0.1786163515625 0.6533203125 0.18616352187500002 0.6708984375 0.20125786093750003 0.6923828125 0.2251572328125 0.708984375 0.2578616359375 0.716796875 0.3069182390625 0.7177734375 0.35345911874999997 0.693359375 0.386163521875 0.6953125 0.4176100625 0.6689453125 0.4176100625 0.6337890625
44 0.6213836484375 0.2724609375 0.6238993703125 0.2490234375 0.6163522015625 0.2333984375 0.567295596875 0.201171875 0.5345911953125 0.203125 0.47924528281249995 0.23046875 0.42012578593749994 0.2841796875 0.394968553125 0.3271484375 0.38993710625 0.3603515625 0.3974842765625 0.3720703125 0.4440251578125 0.396484375 0.45660377343749997 0.400390625 0.47547169843750003 0.3994140625 0.5194968546875 0.380859375 0.54591195 0.3603515625 0.5987421390625001 0.3056640625 0.6213836484375 0.2724609375
44 0.5257861640625 0.4912109375 0.5257861640625 0.4755859375 0.505660378125 0.4326171875 0.469182390625 0.40625 0.41132075468749996 0.388671875 0.37358490624999996 0.384765625 0.323270440625 0.388671875 0.3094339625 0.3974609375 0.29433962187499996 0.4248046875 0.29937106875 0.4482421875 0.314465409375 0.4697265625 0.37358490624999996 0.517578125 0.413836478125 0.533203125 0.43522012656250003 0.5322265625 0.46666666718750005 0.525390625 0.49937106875000004 0.5234375 0.5157232703125 0.5087890625 0.5257861640625 0.4912109375
44 0.5836477984374999 0.7373046875 0.5836477984374999 0.7080078125 0.5761006296875 0.6708984375 0.5522012578125 0.6484375 0.5194968546875 0.63671875 0.48930817656250003 0.638671875 0.46163522031250004 0.650390625 0.43270440312499997 0.6767578125 0.422641509375 0.7001953125 0.42767295625 0.7509765625 0.43522012656250003 0.7666015625 0.450314465625 0.7783203125 0.4578616359375 0.7919921875 0.4742138359375 0.802734375 0.4968553453125 0.80859375 0.5081761 0.8076171875 0.5295597484375001 0.8046875 0.5660377359375001 0.7802734375 0.581132075 0.7548828125 0.5836477984374999 0.7373046875
44 0.7396226421875001 0.7412109375 0.7308176093750001 0.724609375 0.7031446546875 0.716796875 0.672955975 0.697265625 0.6553459125 0.697265625 0.6251572328125 0.7109375 0.6037735843750001 0.7333984375 0.586163521875 0.7685546875 0.5836477984374999 0.8095703125 0.596226415625 0.8427734375 0.6150943390625 0.861328125 0.640251571875 0.873046875 0.6792452828125 0.8740234375 0.7056603781249999 0.86328125 0.7295597484375 0.8369140625 0.7421383640625 0.7900390625 0.7396226421875001 0.7412109375
44 0.449056603125 0.65625 0.45660377343749997 0.646484375 0.46415094375 0.646484375 0.469182390625 0.638671875 0.4364779875 0.640625 0.431446540625 0.634765625 0.422641509375 0.6357421875 0.42641509375000003 0.6484375 0.43396226406249994 0.642578125 0.43773584843749996 0.6455078125 0.43773584843749996 0.6552734375 0.42515723281250006 0.6533203125 0.422641509375 0.6748046875 0.41006289375 0.6865234375 0.42012578593749994 0.6943359375 0.422641509375 0.6806640625 0.43270440312499997 0.6708984375 0.4301886796875 0.6650390625 0.449056603125 0.65625
44 0.622641509375 0.6796875 0.594968553125 0.681640625 0.5823899375 0.671875 0.586163521875 0.7060546875 0.594968553125 0.705078125 0.6113207546874999 0.7119140625 0.6289308171875 0.7060546875 0.6339622640625 0.7001953125 0.6339622640625 0.6884765625 0.622641509375 0.6796875
44 0.53584905625 0.3818359375 0.5295597484375001 0.373046875 0.4918239 0.396484375 0.467924528125 0.4033203125 0.47924528281249995 0.412109375 0.48930817656250003 0.4140625 0.5106918234375 0.4345703125 0.5169811328125 0.427734375 0.5207547171875 0.4287109375 0.5207547171875 0.4150390625 0.53584905625 0.3818359375
44 0.5761006296875 0.5263671875 0.5886792453125 0.5205078125 0.586163521875 0.5166015625 0.59119496875 0.5126953125 0.577358490625 0.509765625 0.5748427671874999 0.515625 0.5647798734375 0.515625 0.5522012578125 0.5078125 0.5446540875 0.5078125 0.5295597484375001 0.4921875 0.5106918234375 0.5244140625 0.522012578125 0.53125 0.5232704406249999 0.5185546875 0.5345911953125 0.513671875 0.540880503125 0.5185546875 0.540880503125 0.5263671875 0.5257861640625 0.5341796875 0.5484276734375 0.5537109375 0.55345911875 0.5517578125 0.55345911875 0.5400390625 0.5647798734375 0.5390625 0.5761006296875 0.5263671875
44 0.9194968546875 0.19921875 0.9144654093750001 0.197265625 0.9069182390625 0.1875 0.90062893125 0.2080078125 0.904402515625 0.2109375 0.9119496859374999 0.208984375 0.9119496859374999 0.205078125 0.9194968546875 0.205078125 0.9232704406250001 0.2138671875 0.8993710687500001 0.21875 0.88176100625 0.21484375 0.8754716984375 0.2197265625 0.8779874218750001 0.2314453125 0.872955975 0.2587890625 0.8830188671875 0.2607421875 0.9308176093749999 0.2548828125 0.93584905625 0.2001953125 0.9295597484375 0.1953125 0.9194968546875 0.19921875
44 0.8113207546875 0.353515625 0.8125786156249999 0.3466796875 0.8050314468750001 0.3427734375 0.8176100625 0.3330078125 0.813836478125 0.30859375 0.7836477984375 0.314453125 0.7748427671875 0.3212890625 0.781132075 0.328125 0.7660377359375 0.328125 0.7635220125 0.32421875 0.7484276734375 0.326171875 0.7433962265625 0.3203125 0.7257861640625001 0.3203125 0.7207547171875001 0.328125 0.6981132078125001 0.328125 0.694339621875 0.3310546875 0.6918238999999999 0.3427734375 0.70062893125 0.3515625 0.7106918234374999 0.34375 0.7257861640625001 0.34765625 0.73584905625 0.34375 0.7446540875000001 0.3466796875 0.7433962265625 0.3515625 0.750943396875 0.34375 0.7610062890625 0.345703125 0.7635220125 0.3515625 0.77358490625 0.34375 0.781132075 0.345703125 0.7798742140625 0.3505859375 0.7849056609375 0.3525390625 0.7698113203125 0.3583984375 0.781132075 0.359375 0.7836477984375 0.3671875 0.7937106921875 0.361328125 0.7974842765625 0.3662109375 0.78993710625 0.3720703125 0.8025157234375 0.3740234375 0.8352201265625 0.3720703125 0.8352201265625 0.3623046875 0.8238993703125 0.353515625 0.8113207546875 0.353515625
44 0.82641509375 0.09375 0.8163522015625 0.10546875 0.7987421390625 0.107421875 0.794968553125 0.0888671875 0.7886792453125 0.087890625 0.7849056609375 0.0791015625 0.7786163515625 0.078125 0.7635220125 0.064453125 0.7257861640625001 0.056640625 0.7157232703124999 0.056640625 0.704402515625 0.0634765625 0.70062893125 0.078125 0.7308176093750001 0.0859375 0.73584905625 0.08203125 0.750943396875 0.0859375 0.7584905656250001 0.08203125 0.7622641515625 0.0966796875 0.7823899375 0.1025390625 0.7786163515625 0.109375 0.7660377359375 0.10546875 0.759748428125 0.1103515625 0.7635220125 0.1171875 0.7786163515625 0.115234375 0.7823899375 0.1181640625 0.7786163515625 0.125 0.7710691828125 0.123046875 0.7647798734375 0.1279296875 0.7710691828125 0.1328125 0.7761006296875 0.126953125 0.787421384375 0.1357421875 0.787421384375 0.1416015625 0.7798742140625 0.1435546875 0.781132075 0.1484375 0.8113207546875 0.1484375 0.8163522015625 0.14453125 0.8213836484374999 0.150390625 0.8339622640625001 0.140625 0.8440251578125 0.1484375 0.8503144656250001 0.1416015625 0.84528301875 0.1337890625 0.85408805 0.126953125 0.8603773578125 0.1357421875 0.8503144656250001 0.1396484375 0.872955975 0.1513671875 0.872955975 0.1123046875 0.849056603125 0.07421875 0.8364779875 0.09375 0.82641509375 0.09375
44 0.6553459125 0.34375 0.6553459125 0.337890625 0.667924528125 0.337890625 0.695597484375 0.322265625 0.7106918234374999 0.32421875 0.714465409375 0.3212890625 0.7081761 0.3125 0.70062893125 0.3125 0.6893081765625 0.3037109375 0.676729559375 0.2783203125 0.68176100625 0.2314453125 0.6842767296875001 0.2255859375 0.6918238999999999 0.2236328125 0.6918238999999999 0.2177734375 0.6792452828125 0.2216796875 0.6754716984375 0.234375 0.66289308125 0.232421875 0.6553459125 0.236328125 0.64528301875 0.232421875 0.64528301875 0.22265625 0.650314465625 0.228515625 0.6578616359375 0.22265625 0.66289308125 0.23046875 0.66415094375 0.2197265625 0.6251572328125 0.21875 0.62767295625 0.20703125 0.6377358484375 0.20703125 0.6427672953125 0.2109375 0.65408805 0.2060546875 0.6251572328125 0.203125 0.6213836484375 0.1982421875 0.62767295625 0.19140625 0.650314465625 0.193359375 0.65408805 0.1904296875 0.6201257859375 0.185546875 0.60880503125 0.1904296875 0.618867925 0.1962890625 0.6150943390625 0.203125 0.5974842765624999 0.201171875 0.596226415625 0.1943359375 0.6 0.19921875 0.6062893078125 0.1904296875 0.6012578609375 0.1865234375 0.6062893078125 0.1748046875 0.6012578609375 0.1689453125 0.6062893078125 0.1591796875 0.6037735843750001 0.1435546875 0.577358490625 0.150390625 0.559748428125 0.150390625 0.5559748421874999 0.1591796875 0.57358490625 0.1669921875 0.568553459375 0.1748046875 0.57358490625 0.1826171875 0.568553459375 0.1904296875 0.57358490625 0.2021484375 0.5849056609375001 0.2109375 0.6025157234375 0.212890625 0.6238993703125 0.2353515625 0.6238993703125 0.2744140625 0.6113207546874999 0.2939453125 0.613836478125 0.2998046875 0.6075471703125 0.298828125 0.5987421390625001 0.3056640625 0.5937106921875 0.3212890625 0.5786163515625 0.3271484375 0.5761006296875 0.3369140625 0.61006289375 0.337890625 0.6176100625000001 0.345703125 0.62767295625 0.34375 0.6352201265625 0.3515625 0.649056603125 0.3525390625 0.66289308125 0.3515625 0.669182390625 0.3466796875 0.667924528125 0.34375 0.6553459125 0.34375
44 0.9710691828125 0.3076171875 0.9761006296874999 0.3037109375 0.9761006296874999 0.2919921875 0.9496855343749999 0.26953125 0.9396226421874999 0.26953125 0.9383647796875 0.2724609375 0.94591195 0.2763671875 0.9408805031249999 0.2783203125 0.94591195 0.2861328125 0.9522012578125001 0.2890625 0.959748428125 0.28515625 0.9660377359375 0.2919921875 0.9610062890625001 0.2958984375 0.968553459375 0.3076171875 0.9660377359375 0.3349609375 0.9710691828125 0.3349609375 0.9761006296874999 0.3310546875 0.9735849062499999 0.3212890625 0.981132075 0.3134765625 0.9710691828125 0.3076171875
44 0.667924528125 0.32421875 0.6603773578125 0.328125 0.64528301875 0.326171875 0.6352201265625 0.330078125 0.6025157234375 0.326171875 0.5786163515625 0.3291015625 0.5798742140625001 0.3359375 0.6251572328125 0.3359375 0.6377358484375 0.33203125 0.64654088125 0.3388671875 0.631446540625 0.3447265625 0.6377358484375 0.3515625 0.6440251578125 0.3505859375 0.650314465625 0.3359375 0.6704402515625 0.3359375 0.676729559375 0.3291015625 0.667924528125 0.32421875
44 0.8238993703125 0.767578125 0.8050314468750001 0.7744140625 0.8050314468750001 0.7841796875 0.8 0.7861328125 0.8050314468750001 0.7900390625 0.7987421390625 0.79296875 0.768553459375 0.79296875 0.7660377359375 0.783203125 0.7572327046875 0.7861328125 0.7584905656250001 0.79296875 0.750943396875 0.79296875 0.7471698109375 0.7841796875 0.7484276734375 0.796875 0.8238993703125 0.796875 0.8251572328125001 0.8076171875 0.8201257859375 0.8115234375 0.8377358484374999 0.8115234375 0.82767295625 0.8037109375 0.832704403125 0.7919921875 0.82767295625 0.7880859375 0.8238993703125 0.767578125
44 0.6716981125 0.2412109375 0.6742138359375 0.2353515625 0.667924528125 0.234375 0.6578616359375 0.244140625 0.6477987421875 0.23828125 0.640251571875 0.244140625 0.62767295625 0.2421875 0.62767295625 0.251953125 0.6377358484375 0.25 0.6427672953125 0.255859375 0.6616352203125 0.2529296875 0.66415094375 0.2880859375 0.669182390625 0.2900390625 0.676729559375 0.2861328125 0.6742138359375 0.2587890625 0.6792452828125 0.2490234375 0.6716981125 0.2412109375
44 0.586163521875 0.2001953125 0.5937106921875 0.1904296875 0.59119496875 0.1845703125 0.586163521875 0.1845703125 0.586163521875 0.1787109375 0.5937106921875 0.1728515625 0.5937106921875 0.1630859375 0.6012578609375 0.1572265625 0.6012578609375 0.1513671875 0.5849056609375001 0.1484375 0.577358490625 0.154296875 0.5647798734375 0.154296875 0.5647798734375 0.158203125 0.5836477984374999 0.1650390625 0.57358490625 0.1708984375 0.5761006296875 0.2021484375 0.5924528296875 0.2109375 0.6150943390625 0.20703125 0.6213836484375 0.2119140625 0.62641509375 0.2060546875 0.622641509375 0.203125 0.605031446875 0.205078125 0.586163521875 0.2001953125
44 0.530817609375 0.3876953125 0.532075471875 0.37890625 0.5119496859375 0.384765625 0.494339621875 0.3984375 0.48176100625 0.3984375 0.472955975 0.4033203125 0.48176100625 0.412109375 0.49937106875000004 0.416015625 0.5031446546875 0.4267578125 0.5106918234375 0.4287109375 0.513207546875 0.4150390625 0.5232704406249999 0.4111328125 0.5232704406249999 0.3916015625 0.530817609375 0.3876953125
44 0.9283018875 0.2431640625 0.93584905625 0.2216796875 0.93584905625 0.2001953125 0.9295597484375 0.1953125 0.9194968546875 0.19921875 0.9119496859374999 0.197265625 0.9069182390625 0.1875 0.9031446546874999 0.2080078125 0.9194968546875 0.205078125 0.9232704406250001 0.2158203125 0.8993710687500001 0.21875 0.8779874218750001 0.2158203125 0.8754716984375 0.2587890625 0.8830188671875 0.2607421875 0.8893081765625 0.2578125 0.9220125781249999 0.259765625 0.9308176093749999 0.2529296875 0.9283018875 0.2431640625
44 0.8654088046874999 0.0966796875 0.8566037734374999 0.08984375 0.8440251578125 0.087890625 0.8352201265625 0.0966796875 0.8402515718749999 0.1005859375 0.8364779875 0.107421875 0.8289308171875 0.107421875 0.8238993703125 0.1015625 0.813836478125 0.109375 0.8062893078125001 0.107421875 0.8 0.1103515625 0.7987421390625 0.140625 0.794968553125 0.1396484375 0.79119496875 0.12109375 0.7823899375 0.1298828125 0.79119496875 0.14453125 0.8176100625 0.1494140625 0.794968553125 0.1591796875 0.7987421390625 0.16796875 0.8163522015625 0.16015625 0.8238993703125 0.1640625 0.82767295625 0.1611328125 0.82641509375 0.1484375 0.8591194968750001 0.14453125 0.8654088046874999 0.1513671875 0.8578616359375 0.1572265625 0.8654088046874999 0.1650390625 0.8603773578125 0.1767578125 0.8654088046874999 0.1767578125 0.8779874218750001 0.1591796875 0.872955975 0.1513671875 0.8754716984375 0.1201171875 0.8654088046874999 0.0966796875
44 0.7433962265625 0.3828125 0.768553459375 0.373046875 0.8314465406249999 0.375 0.8352201265625 0.3603515625 0.82641509375 0.357421875 0.813836478125 0.34375 0.8050314468750001 0.3427734375 0.8176100625 0.3330078125 0.8150943390625001 0.3095703125 0.8062893078125001 0.30859375 0.786163521875 0.318359375 0.7836477984375 0.314453125 0.7559748421875 0.314453125 0.7647798734375 0.3173828125 0.7647798734375 0.3212890625 0.7559748421875 0.32421875 0.74591195 0.3203125 0.7257861640625001 0.3203125 0.7207547171875001 0.326171875 0.695597484375 0.328125 0.694339621875 0.3388671875 0.6880503140625 0.341796875 0.6805031453125 0.337890625 0.6742138359375 0.3427734375 0.6792452828125 0.3525390625 0.667924528125 0.357421875 0.66415094375 0.3544921875 0.6666666671875 0.3447265625 0.6603773578125 0.34375 0.659119496875 0.3525390625 0.6515723265625 0.3583984375 0.65408805 0.3681640625 0.66289308125 0.376953125 0.6792452828125 0.3798828125 0.669182390625 0.3916015625 0.6792452828125 0.3974609375 0.6918238999999999 0.3876953125 0.695597484375 0.37890625 0.7081761 0.384765625 0.7433962265625 0.3828125
44 0.5283018875 0.4853515625 0.51823899375 0.4541015625 0.505660378125 0.4326171875 0.4842767296875 0.4140625 0.45283018906250005 0.4013671875 0.48176100625 0.3984375 0.530817609375 0.3740234375 0.57358490625 0.3349609375 0.5761006296875 0.3271484375 0.6113207546874999 0.2880859375 0.6213836484375 0.2685546875 0.6238993703125 0.2490234375 0.6113207546874999 0.2275390625 0.5698113203124999 0.201171875 0.5245283015625 0.205078125 0.46666666718750005 0.236328125 0.41257861562500003 0.2919921875 0.3987421390625 0.326171875 0.394968553125 0.3251953125 0.3924528296875 0.2919921875 0.3823899375 0.2685546875 0.3484276734375 0.236328125 0.3207547171875 0.224609375 0.305660378125 0.220703125 0.250314465625 0.224609375 0.17232704375000002 0.2578125 0.150943396875 0.2724609375 0.14591194999999998 0.2958984375 0.1610062890625 0.3193359375 0.20125786093750003 0.3427734375 0.1421383640625 0.359375 0.09308176093750001 0.3818359375 0.11194968593750002 0.384765625 0.11446540937500001 0.375 0.1207547171875 0.3779296875 0.1169811328125 0.390625 0.11446540937500001 0.384765625 0.1094339625 0.390625 0.094339621875 0.390625 0.0842767296875 0.384765625 0.056603773437500005 0.3984375 0.030188679687499997 0.4189453125 0.005031446875 0.4580078125 0.005031446875 0.4853515625 0.016352201562499998 0.5 0.020125785937499998 0.4931640625 0.012578615625000001 0.4814453125 0.013836478125000001 0.470703125 0.0213836484375 0.484375 0.031446540625000005 0.4765625 0.035220126562499995 0.4775390625 0.031446540625000005 0.482421875 0.056603773437500005 0.4765625 0.0616352203125 0.484375 0.076729559375 0.482421875 0.0842767296875 0.4921875 0.0893081765625 0.4921875 0.0918239 0.486328125 0.0981132078125 0.4873046875 0.0981132078125 0.5048828125 0.11823899375 0.5087890625 0.0981132078125 0.5146484375 0.1069182390625 0.51953125 0.11446540937500001 0.513671875 0.127044025 0.513671875 0.167295596875 0.49609375 0.1710691828125 0.4931640625 0.1635220125 0.4912109375 0.167295596875 0.484375 0.1786163515625 0.4873046875 0.17232704375000002 0.48828125 0.17232704375000002 0.4921875 0.187421384375 0.490234375 0.194968553125 0.484375 0.205031446875 0.484375 0.23018867968749998 0.474609375 0.267924528125 0.455078125 0.28176100625 0.4443359375 0.2842767296875 0.4306640625 0.2981132078125 0.416015625 0.29433962187499996 0.4404296875 0.3094339625 0.4638671875 0.3295597484375 0.4833984375 0.386163521875 0.521484375 0.40880503125 0.529296875 0.43522012656250003 0.5302734375 0.46666666718750005 0.5234375 0.49937106875000004 0.521484375 0.5106918234375 0.5126953125 0.5283018875 0.4853515625