51 0.3261718765625 0.5419921890625 0.3417968765625 0.5849609375 0.3701171890625 0.6171874984375 0.416015625 0.6396484359375 0.4580078109375 0.63671875 0.4863281234375 0.6162109375 0.521484375 0.5224609375 0.515625 0.4755859375 0.4677734359375 0.43359375 0.3759765640625 0.43359375 0.3417968765625 0.4619140625 0.3261718765625 0.4951171890625 0.3261718765625 0.5419921890625
51 0.06445312343750001 0.5166015640625 0.087890625 0.5654296875 0.12402343593750001 0.5957031234375 0.162109375 0.6025390625 0.2080078109375 0.59375 0.2421874984375 0.5341796875 0.2421874984375 0.4912109375 0.228515625 0.4580078109375 0.2060546875 0.43359375 0.1708984359375 0.41796875 0.0849609375 0.44921875 0.06445312343750001 0.4892578109375 0.06445312343750001 0.5166015640625
51 0.056640625 0.6552734359375 0.046875 0.7060546875 0.07910156406249999 0.755859375 0.14453125 0.7841796875 0.1845703125 0.78515625 0.2197265640625 0.7675781234375 0.23828125 0.7412109375 0.240234375 0.7041015640625 0.2265625015625 0.6630859375 0.1962890625 0.625 0.1591796875 0.603515625 0.1181640625 0.599609375 0.09277343593750001 0.61328125 0.056640625 0.6552734359375
51 0.7763671890625 0.525390625 0.7470703125 0.5175781234375 0.703125 0.5400390625 0.7109374984375 0.6416015640625 0.71875 0.6416015640625 0.73046875 0.5673828109375 0.7763671890625 0.525390625
51 0.66015625 0.7041015640625 0.662109375 0.7705078109375 0.6943359375 0.802734375 0.7265625015625 0.8134765640625 0.7978515640625 0.806640625 0.8300781234375 0.7705078109375 0.8095703125 0.734375 0.7832031234375 0.7333984359375 0.802734375 0.7060546875 0.806640625 0.6650390625 0.7841796875 0.640625 0.7451171890625 0.6386718765625 0.7119140625 0.650390625 0.66015625 0.7041015640625
51 0.5 0.6083984359375 0.521484375 0.6650390625 0.5537109375 0.7011718765625 0.58984375 0.7138671890625 0.6259765640625 0.71484375 0.6552734359375 0.703125 0.7011718765625 0.6376953125 0.708984375 0.5654296875 0.6894531234375 0.5244140625 0.6630859375 0.505859375 0.5869140625 0.5136718765625 0.5517578109375 0.5078125015625 0.51953125 0.5302734359375 0.50390625 0.5576171890625 0.5 0.6083984359375
51 0.7734374984375 0.4599609375 0.7949218765625 0.5068359375 0.8173828109375 0.53125 0.869140625 0.5537109375 0.9013671890625 0.5546874984375 0.9423828109375 0.53515625 0.984375 0.4873046875 0.98828125 0.4228515640625 0.98046875 0.4013671890625 0.9482421890625 0.36328125 0.9208984359375 0.349609375 0.9033203125 0.34765625 0.8837890625 0.380859375 0.8623046875 0.3886718765625 0.8115234359375 0.37109375 0.775390625 0.4150390625 0.7734374984375 0.4599609375
51 0.9296874984375 0.6533203125 0.8564453125 0.69140625 0.8457031234375 0.7080078109375 0.8574218765625 0.7177734359375 0.9052734359375 0.6953125015625 0.9296874984375 0.6533203125
51 0.8291015640625 0.6386718765625 0.8583984359375 0.63671875 0.83203125 0.6513671890625 0.82421875 0.6748046875 0.9326171890625 0.6386718765625 0.9355468765625 0.6103515640625 0.9033203125 0.55859375 0.8623046875 0.5546874984375 0.8076171890625 0.52734375 0.7861328109375 0.52734375 0.7265625015625 0.5732421890625 0.71484375 0.6025390625 0.71875 0.6376953125 0.7822265640625 0.6386718765625 0.8095703125 0.6542968765625 0.8291015640625 0.6386718765625
51 0.7363281234375 0.2607421890625 0.734375 0.2978515640625 0.74609375 0.3271484359375 0.7832031234375 0.3525390625 0.79296875 0.3447265640625 0.78125 0.3076171890625 0.7890625015625 0.2724609375 0.8046874984375 0.2626953125 0.8056640625 0.23046875 0.818359375 0.2470703125 0.822265625 0.2802734359375 0.86328125 0.2978515640625 0.86328125 0.2470703125 0.8466796875 0.2109374984375 0.87890625 0.2490234359375 0.8886718765625 0.3349609375 0.9208984359375 0.3417968765625 0.947265625 0.3154296875 0.96484375 0.2783203125 0.96484375 0.2509765640625 0.9355468765625 0.2333984359375 0.9111328109375 0.1796874984375 0.8759765640625 0.16796875 0.8193359375 0.1738281234375 0.75390625 0.2255859375 0.7363281234375 0.2607421890625
51 0.6386718765625 0.4541015640625 0.630859375 0.4990234359375 0.6708984359375 0.5078125015625 0.7011718765625 0.5341796875 0.7431640625 0.51953125 0.765625 0.4892578109375 0.7734374984375 0.3818359375 0.7255859375 0.333984375 0.6162109375 0.34765625 0.59375 0.3701171890625 0.6201171890625 0.3925781234375 0.6328125015625 0.3857421890625 0.625 0.4033203125 0.6386718765625 0.4541015640625