47 0.5615234375 0.48828125 0.6123046875 0.53828595625 0.6474609375 0.5618175828124999 0.66796875 0.5662297625 0.6923828125 0.5677004890624999 0.7060546875 0.5559346765625001 0.7216796875 0.5559346765625001 0.75 0.5221079640624999 0.7578125 0.5044592437500001 0.7578125 0.48386906874999996 0.767578125 0.46622035000000006 0.767578125 0.451513084375 0.7578125 0.43386436406250006 0.759765625 0.4073912828125 0.7314453125 0.38238893125 0.728515625 0.3662109375 0.7138671875 0.3559158515625 0.7060546875 0.33532567812499997 0.6904296875 0.33532567812499997 0.6826171875 0.3176769578125 0.6728515625 0.3147355046875 0.6611328125 0.3294427703125 0.6474609375 0.3176769578125 0.6318359375 0.32355986406250004 0.6240234375 0.3176769578125 0.626953125 0.2956160578125 0.6142578125 0.28237951875 0.6044921875 0.285320971875 0.5947265625 0.30591114531249997 0.5537109375 0.30591114531249997 0.548828125 0.31326477656249996 0.548828125 0.3338549515625 0.53125 0.345620765625 0.5390625 0.4426887234375 0.548828125 0.45739599062499997 0.548828125 0.4691618046875 0.5615234375 0.48828125
47 0.2509765625 0.7118317015625 0.2939453125 0.72653896875 0.3740234375 0.73830478125 0.38671875 0.7485998671874999 0.4580078125 0.7471291421874999 0.4716796875 0.7412462343749999 0.5029296875 0.7441876875 0.5302734375 0.732421875 0.5908203125 0.7206560625 0.6083984375 0.7118317015625 0.6083984375 0.7000658890625 0.6240234375 0.7000658890625 0.6591796875 0.68241716875 0.7158203125 0.6765342624999999 0.7236328125 0.6647684484374999 0.7470703125 0.6559440890625 0.7685546875 0.6206466484375001 0.7783203125 0.6206466484375001 0.7880859375 0.6118222890625 0.791015625 0.5897613890625 0.796875 0.58387848125 0.802734375 0.5632883109375 0.796875 0.5426981359374999 0.8154296875 0.541227409375 0.822265625 0.5279908703125 0.8154296875 0.5147543296875 0.7978515625 0.5294615968749999 0.7880859375 0.5176957828125001 0.7763671875 0.5176957828125001 0.767578125 0.5279908703125 0.7626953125 0.5500517703125001 0.7587890625 0.5441688625000001 0.7412109375 0.5588761296875 0.7275390625 0.579466303125 0.6962890625 0.5941735687499999 0.6865234375 0.6059393828124999 0.6787109375 0.6000564765624999 0.6435546875 0.6000564765624999 0.6396484375 0.6059393828124999 0.6279296875 0.5941735687499999 0.6142578125 0.5941735687499999 0.6064453125 0.6059393828124999 0.60546875 0.5927028437499999 0.5966796875 0.5882906625000001 0.5908203125 0.5735833953125 0.5751953125 0.5618175828124999 0.5634765625 0.5677004890624999 0.5517578125 0.5588761296875 0.5361328125 0.5677004890624999 0.5068359375 0.597115021875 0.4892578125 0.6029979296875 0.4814453125 0.6177051953125 0.4677734375 0.6206466484375001 0.4501953125 0.6118222890625 0.4365234375 0.6265295562500001 0.4130859375 0.623588103125 0.4091796875 0.629471009375 0.4033203125 0.6147637421875001 0.3583984375 0.6059393828124999 0.3310546875 0.5706419421875 0.3173828125 0.57652485 0.3095703125 0.591232115625 0.2900390625 0.585349209375 0.2802734375 0.5941735687499999 0.2705078125 0.5882906625000001 0.2607421875 0.591232115625 0.2451171875 0.6147637421875001 0.2216796875 0.6029979296875 0.2119140625 0.5882906625000001 0.2001953125 0.5941735687499999 0.1748046875 0.5941735687499999 0.171875 0.57211266875 0.1591796875 0.5677004890624999 0.150390625 0.5809370296874999 0.150390625 0.59858575 0.1435546875 0.6118222890625 0.1318359375 0.5941735687499999 0.1240234375 0.5941735687499999 0.115234375 0.6074101078125 0.115234375 0.6221173765625 0.1220703125 0.635353915625 0.1630859375 0.6382953687499999 0.16015625 0.6485904546875 0.1630859375 0.6530026359375001 0.1845703125 0.6618269953125 0.2080078125 0.6853586218750001 0.2509765625 0.7118317015625
47 0.23828125 0.8015460265625001 0.23828125 0.8162532953125 0.2431640625 0.82654838125 0.251953125 0.8309605609374999 0.2646484375 0.82654838125 0.26953125 0.807428934375 0.2607421875 0.791250940625 0.2470703125 0.7883094875000001 0.23828125 0.8015460265625001
47 0.6259765625 0.8441971015625 0.619140625 0.8515507343750001 0.6171875 0.87214090625 0.625 0.8868481750000001 0.6376953125 0.8883189 0.64453125 0.88096526875 0.6484375 0.8633165484375 0.6435546875 0.8500800078124999 0.6259765625 0.8441971015625
47 0.5732421875 0.791250940625 0.5625 0.807428934375 0.564453125 0.8221362015624999 0.576171875 0.8309605609374999 0.5849609375 0.8294898343750001 0.59375 0.8162532953125 0.59375 0.8015460265625001 0.5869140625 0.791250940625 0.5732421875 0.791250940625
47 0.5419921875 0.776543675 0.537109375 0.7868387625000001 0.537109375 0.7986045749999999 0.546875 0.8103703890625 0.5576171875 0.8118411140624999 0.568359375 0.7956631203125 0.568359375 0.7838973078125 0.5576171875 0.77066076875 0.5419921875 0.776543675
47 0.6279296875 0.7471291421874999 0.609375 0.7603656812499999 0.609375 0.7750729484375001 0.6171875 0.7868387625000001 0.6279296875 0.7883094875000001 0.638671875 0.77213149375 0.63671875 0.7574242296875 0.6279296875 0.7471291421874999
47 0.6767578125 0.7471291421874999 0.671875 0.7603656812499999 0.673828125 0.77213149375 0.68359375 0.7838973078125 0.6943359375 0.78242658125 0.701171875 0.7691900421875 0.701171875 0.7574242296875 0.6923828125 0.7441876875 0.6767578125 0.7471291421874999
47 0.693359375 0.7368340546875001 0.693359375 0.745658415625 0.701171875 0.7574242296875 0.701171875 0.7691900421875 0.7138671875 0.77066076875 0.724609375 0.751541321875 0.72265625 0.739775509375 0.7119140625 0.72653896875 0.7021484375 0.72653896875 0.693359375 0.7368340546875001
47 0.75390625 0.751541321875 0.751953125 0.7662485875 0.7587890625 0.7794851281249999 0.76953125 0.7838973078125 0.78125 0.7750729484375001 0.78515625 0.7574242296875 0.7763671875 0.7412462343749999 0.7666015625 0.73830478125 0.75390625 0.751541321875
47 0.8310546875 0.78242658125 0.822265625 0.7956631203125 0.82421875 0.8162532953125 0.83203125 0.825077653125 0.8427734375 0.82654838125 0.853515625 0.807428934375 0.8515625 0.7927216687499999 0.8427734375 0.78242658125 0.8310546875 0.78242658125
47 0.9423828125 0.7030073421874999 0.9375 0.7103609765625001 0.935546875 0.7280096953124999 0.943359375 0.739775509375 0.9541015625 0.7412462343749999 0.962890625 0.7309511468750001 0.96484375 0.719185334375 0.9560546875 0.7030073421874999 0.9423828125 0.7030073421874999
47 0.8857421875 0.6500611828125 0.880859375 0.66035626875 0.8828125 0.6750635359375 0.888671875 0.6838878953124999 0.8974609375 0.6853586218750001 0.90625 0.6721220812500001 0.904296875 0.6544733609375 0.8974609375 0.6471197296875 0.8857421875 0.6500611828125
47 0.8662109375 0.585349209375 0.857421875 0.5956442953125001 0.857421875 0.6132930156249999 0.86328125 0.6221173765625 0.8759765625 0.623588103125 0.880859375 0.6162344703125 0.8828125 0.59858575 0.8779296875 0.5882906625000001 0.8662109375 0.585349209375
47 0.8115234375 0.635353915625 0.80078125 0.6485904546875 0.798828125 0.6574148156249999 0.80859375 0.6750635359375 0.8212890625 0.6765342624999999 0.830078125 0.66035626875 0.830078125 0.6485904546875 0.8193359375 0.635353915625 0.8115234375 0.635353915625
47 0.8134765625 0.688300075 0.798828125 0.7015366140625 0.80078125 0.7221267890624999 0.80859375 0.7280096953124999 0.8173828125 0.72653896875 0.826171875 0.7074195203125 0.8212890625 0.69418298125 0.8134765625 0.688300075
47 0.7685546875 0.6647684484374999 0.763671875 0.6780049874999999 0.7685546875 0.69418298125 0.77734375 0.6985951625 0.7880859375 0.6971244359375001 0.794921875 0.6838878953124999 0.794921875 0.6691806296875 0.7861328125 0.6588855421875001 0.7685546875 0.6647684484374999
47 0.2080078125 0.5618175828124999 0.2275390625 0.5677004890624999 0.2412109375 0.5824077562500001 0.2734375 0.5868199374999999 0.2900390625 0.579466303125 0.3056640625 0.5824077562500001 0.3154296875 0.5706419421875 0.3310546875 0.5677004890624999 0.345703125 0.5338737765625 0.3662109375 0.5147543296875 0.3759765625 0.497105609375 0.3837890625 0.5000470625 0.4072265625 0.47063252968749997 0.4326171875 0.45004235625 0.4560546875 0.43827654374999997 0.4716796875 0.43827654374999997 0.48828125 0.425040003125 0.49609375 0.38385965624999996 0.505859375 0.37209384375 0.505859375 0.325030590625 0.52734375 0.24266989687499999 0.5185546875 0.2147260921875 0.5029296875 0.2088431859375 0.5 0.1926651921875 0.4912109375 0.1794286515625 0.4697265625 0.155897025 0.4541015625 0.155897025 0.4443359375 0.13824830625 0.4013671875 0.1441312125 0.3935546875 0.135306853125 0.3818359375 0.135306853125 0.3740234375 0.1235410390625 0.3486328125 0.12648249218750002 0.3388671875 0.1176581328125 0.3232421875 0.1176581328125 0.2685546875 0.135306853125 0.2509765625 0.1205995859375 0.2431640625 0.1323653984375 0.2236328125 0.1323653984375 0.2158203125 0.15001411874999998 0.2021484375 0.15001411874999998 0.1923828125 0.1588384796875 0.1708984375 0.16472138593750002 0.1552734375 0.1617799328125 0.1298828125 0.16766283906249999 0.1220703125 0.18825301249999998 0.1123046875 0.191194465625 0.1025390625 0.2117846390625 0.09375 0.21619681875 0.09375 0.2338455390625 0.083984375 0.251494259375 0.083984375 0.26620152343750003 0.09375 0.28385024375 0.095703125 0.3014989640625 0.109375 0.31032332500000004 0.10546875 0.33679640312500003 0.111328125 0.3544451234375 0.1279296875 0.3765060234375 0.138671875 0.37797675000000003 0.14453125 0.41915709687499997 0.154296875 0.4279814578125 0.158203125 0.463278896875 0.169921875 0.4750447109375 0.169921875 0.48975197656249997 0.17578125 0.5074006953125 0.1875 0.5221079640624999 0.1923828125 0.53828595625 0.203125 0.5426981359374999 0.203125 0.5544639484375 0.2080078125 0.5618175828124999