47 0.5185546875 0.76394921875 0.5400390625 0.7879296874999999 0.5869140625 0.7810781234374999 0.61328125 0.7896425781249999 0.6259765625 0.7879296874999999 0.638671875 0.765662109375 0.650390625 0.7039980453125 0.646484375 0.618353515625 0.6171875 0.519005859375 0.5712890625 0.4385 0.5322265625 0.40081640625 0.4912109375 0.40081640625 0.4599609375 0.42822265625 0.44140625 0.471044921875 0.45703125 0.608076171875 0.482421875 0.700572265625 0.5185546875 0.76394921875
47 0.146484375 0.659462890625 0.1708984375 0.70228515625 0.1943359375 0.7262656234375 0.234375 0.745107421875 0.2705078125 0.7468203124999999 0.3134765625 0.7125625 0.337890625 0.6697402343750001 0.345703125 0.642333984375 0.349609375 0.5840957046875 0.337890625 0.515580078125 0.2783203125 0.40766796875000005 0.2509765625 0.38711328125 0.2158203125 0.3836875 0.1689453125 0.41109375000000004 0.146484375 0.45391601562500006 0.134765625 0.508728515625 0.12890625 0.5943730453125 0.146484375 0.659462890625
47 0.509765625 0.933525390625 0.51953125 0.971208984375 0.5361328125 0.9969023437500001 0.71484375 0.998615234375 0.7373046875 1 0.744140625 0.991763671875 0.7421875 0.9575058593750001 0.732421875 0.9232480453124999 0.7001953125 0.86672265625 0.6416015625 0.8084843765624999 0.5869140625 0.78450390625 0.5576171875 0.7879296874999999 0.5361328125 0.8050585937499999 0.51171875 0.8581582046875 0.5078125 0.8821386718750001 0.509765625 0.933525390625
47 0.30078125 0.823900390625 0.3046875 0.899267578125 0.294921875 0.991763671875 0.302734375 0.998615234375 0.4736328125 0.9969023437500001 0.48046875 0.9506542953125001 0.48046875 0.8650097656250001 0.4765625 0.827326171875 0.4609375 0.769087890625 0.4326171875 0.72969140625 0.3994140625 0.7125625 0.3564453125 0.7125625 0.3232421875 0.73654296875 0.30859375 0.769087890625 0.30078125 0.823900390625
47 0.65625 0.645759765625 0.6484375 0.7382558593749999 0.634765625 0.7930683593750001 0.724609375 0.8958417953125 0.7392578125 0.89412890625 0.7568359375 0.8804257812499999 0.7890625 0.834177734375 0.80078125 0.7930683593750001 0.796875 0.724552734375 0.787109375 0.6697402343750001 0.7724609375 0.6440468765625 0.7255859375 0.6097890625 0.6923828125 0.6063632812499999 0.6708984375 0.6234921875 0.65625 0.645759765625
47 1 0.635482421875 0.9970703125 0.63034375 0.9560546875 0.62691796875 0.9228515625 0.64062109375 0.8798828125 0.68515625 0.86328125 0.717701171875 0.853515625 0.7519589843750001 0.849609375 0.796494140625 0.857421875 0.8855644546875 0.8779296875 0.92838671875 0.9013671875 0.94208984375 0.921875 0.9438027343750001 0.9462890625 0.93523828125 0.9755859375 0.94208984375 1 0.933525390625 1 0.635482421875
47 0.083984375 0.909544921875 0.103515625 0.984912109375 0.1083984375 0.9969023437500001 0.115234375 0.998615234375 0.2880859375 0.9969023437500001 0.298828125 0.933525390625 0.296875 0.909544921875 0.26171875 0.806771484375 0.2333984375 0.76394921875 0.1650390625 0.7091367187500001 0.1376953125 0.7125625 0.107421875 0.7382558593749999 0.087890625 0.7930683593750001 0.080078125 0.8307519546875 0.078125 0.8650097656250001 0.083984375 0.909544921875
47 0 0.8718613281250001 0.0361328125 0.8701484374999999 0.05859375 0.834177734375 0.072265625 0.7793652343749999 0.068359375 0.727978515625 0.056640625 0.6765917953125 0.037109375 0.6286308593750001 0.0029296875 0.5686796875 0 0.570392578125 0 0.8718613281250001
47 0 0.998615234375 0.0888671875 1 0.08984375 0.988337890625 0.072265625 0.916396484375 0.0634765625 0.8975546874999999 0.0556640625 0.8907031234374999 0.0185546875 0.8907031234374999 0 0.899267578125 0 0.998615234375
47 0 0.560115234375 0.029296875 0.608076171875 0.05078125 0.6560371093749999 0.068359375 0.724552734375 0.0859375 0.745107421875 0.0966796875 0.7468203124999999 0.1201171875 0.7125625 0.134765625 0.673166015625 0.13671875 0.645759765625 0.125 0.590947265625 0.13671875 0.48132226562499997 0.1240234375 0.46248046875000004 0.0947265625 0.44535156249999996 0.0380859375 0.44535156249999996 0.0224609375 0.45562890625 0.005859375 0.4847480453125 0 0.5121542953125 0 0.560115234375
47 0 0.4847480453125 0.0322265625 0.44535156249999996 0.08203125 0.4299355453125 0.07421875 0.395677734375 0.0537109375 0.35285546874999996 0.0068359375 0.30832031249999997 0 0.3100332046875 0 0.4847480453125
47 0.2333984375 0.38026171875000003 0.2587890625 0.38711328125 0.2841796875 0.41109375000000004 0.322265625 0.47447070468749997 0.3310546875 0.47618359374999997 0.3701171875 0.45562890625 0.4033203125 0.4522031234375 0.416015625 0.433361328125 0.421875 0.41280664062500005 0.427734375 0.33401367187500003 0.423828125 0.275775390625 0.4091796875 0.24665625000000002 0.3857421875 0.22267578124999998 0.3544921875 0.2055468765625 0.3212890625 0.20212109374999998 0.2587890625 0.21582421875 0.2294921875 0.23295312343750002 0.18359375 0.286052734375 0.169921875 0.33401367187500003 0.150390625 0.361419921875 0.140625 0.4025292953125 0.140625 0.41965820468750004 0.1494140625 0.43507421874999996 0.1630859375 0.41109375000000004 0.1962890625 0.38711328125 0.2333984375 0.38026171875000003
47 0.4423828125 0.24665625000000002 0.4296875 0.2654980453125 0.42578125 0.436787109375 0.435546875 0.471044921875 0.4794921875 0.40766796875000005 0.5048828125 0.3973906234375 0.5419921875 0.40424218749999996 0.546875 0.395677734375 0.546875 0.3648457046875 0.52734375 0.296330078125 0.4892578125 0.24665625000000002 0.4423828125 0.24665625000000002
47 0.556640625 0.41280664062500005 0.615234375 0.508728515625 0.634765625 0.563541015625 0.65234375 0.635482421875 0.7109375 0.5875214843750001 0.712890625 0.553263671875 0.703125 0.44021289062499996 0.689453125 0.381974609375 0.6669921875 0.3357265625 0.6357421875 0.31174609375 0.6005859375 0.3151718765625 0.5791015625 0.3357265625 0.564453125 0.361419921875 0.556640625 0.41280664062500005
47 0.7412109375 0.5960859375 0.7783203125 0.6371953125 0.8046875 0.683443359375 0.82421875 0.7314042953125 0.8505859375 0.7262656234375 0.8837890625 0.67487890625 0.9248046875 0.63376953125 0.9599609375 0.6234921875 0.9990234375 0.62691796875 1 0.5395605453125001 0.9912109375 0.52071875 0.9619140625 0.50358984375 0.9306640625 0.51044140625 0.9169921875 0.5241445312499999 0.8779296875 0.4522031234375 0.8271484375 0.40424218749999996 0.7744140625 0.3973906234375 0.7470703125 0.41109375000000004 0.732421875 0.436787109375 0.72265625 0.471044921875 0.720703125 0.508728515625 0.728515625 0.563541015625 0.7412109375 0.5960859375
47 0.7734375 0.9369511718749999 0.787109375 0.971208984375 0.8017578125 0.9969023437500001 0.80859375 0.998615234375 0.8876953125 0.9969023437500001 0.90234375 0.9746347656250001 0.8994140625 0.9523671874999999 0.8759765625 0.93523828125 0.859375 0.899267578125 0.853515625 0.8752871093750001 0.8515625 0.806771484375 0.8447265625 0.7810781234374999 0.8212890625 0.79478125 0.8046875 0.8204746093749999 0.775390625 0.8924160156250001 0.771484375 0.9129707046875 0.7734375 0.9369511718749999