47 0.0673828125 0.5316840265625 0.0986328125 0.5529513890625 0.1630859375 0.5772569437499999 0.228515625 0.587890625 0.3427734375 0.586371528125 0.4326171875 0.5651041671875 0.4814453125 0.5377604171875 0.498046875 0.5088975687499999 0.498046875 0.48155382031249994 0.4833984375 0.4466145828125 0.4443359375 0.4192708328125 0.4326171875 0.4010416671875 0.3876953125 0.3828125 0.3720703125 0.3888888890625 0.3642578125 0.3767361109375 0.3349609375 0.3615451375 0.3154296875 0.36762152812500004 0.2900390625 0.3554687515625 0.2802734375 0.3615451375 0.2626953125 0.34331597343750003 0.2451171875 0.3463541671875 0.2373046875 0.3767361109375 0.2216796875 0.3615451375 0.2021484375 0.37065972187499996 0.1806640625 0.36762152812500004 0.171875 0.38129340156249997 0.1708984375 0.4010416671875 0.1220703125 0.4101562484375 0.1005859375 0.43446180468750006 0.0849609375 0.4283854171875 0.0673828125 0.46180555625 0.048828125 0.478515625 0.05078125 0.505859375 0.0673828125 0.5316840265625
47 0.1337890625 0.8901909734375 0.123046875 0.9099392359375 0.126953125 0.934244790625 0.140625 0.9463975687499999 0.1572265625 0.941840278125 0.1640625 0.9281684015625 0.162109375 0.903862846875 0.1474609375 0.887152778125 0.1337890625 0.8901909734375
47 0.2197265625 0.8658854171874999 0.203125 0.8917100687499999 0.205078125 0.9069010421874999 0.216796875 0.9220920140625 0.2294921875 0.9236111109375 0.240234375 0.9069010421874999 0.2421875 0.8825954859375 0.2333984375 0.8689236109375 0.2197265625 0.8658854171874999
47 0.2509765625 0.8719618046875001 0.2421875 0.8856336796875001 0.244140625 0.9190538203124999 0.259765625 0.9312065984375 0.2802734375 0.9236111109375 0.28515625 0.9099392359375 0.283203125 0.8856336796875001 0.2666015625 0.8689236109375 0.2509765625 0.8719618046875001
47 0.2646484375 0.8446180562500001 0.2578125 0.8674045140625 0.2763671875 0.875 0.28515625 0.8947482640625 0.296875 0.879557290625 0.294921875 0.8552517359375 0.2802734375 0.8385416671874999 0.2646484375 0.8446180562500001
47 0.3193359375 0.8598090265625 0.30859375 0.879557290625 0.3115234375 0.8962673593750001 0.326171875 0.9069010421874999 0.3330078125 0.9084201375 0.345703125 0.8856336796875001 0.345703125 0.870442709375 0.3349609375 0.8567708328125001 0.3193359375 0.8598090265625
47 0.3134765625 0.8962673593750001 0.291015625 0.9129774312500001 0.29296875 0.9403211796875001 0.3046875 0.9524739578125001 0.3193359375 0.9509548625 0.330078125 0.9220920140625 0.3134765625 0.8962673593750001
47 0.3876953125 0.8719618046875001 0.380859375 0.8917100687499999 0.380859375 0.9129774312500001 0.392578125 0.9281684015625 0.4111328125 0.9266493062500001 0.419921875 0.9069010421874999 0.416015625 0.879557290625 0.4013671875 0.8658854171874999 0.3876953125 0.8719618046875001
47 0.3603515625 0.8567708328125001 0.34765625 0.879557290625 0.3515625 0.9069010421874999 0.36328125 0.916015625 0.37890625 0.9069010421874999 0.384765625 0.879557290625 0.3759765625 0.8567708328125001 0.3603515625 0.8567708328125001
47 0.5126953125 0.7929687515625 0.50390625 0.806640625 0.505859375 0.8309461796875001 0.51953125 0.846137153125 0.5322265625 0.8446180562500001 0.54296875 0.824869790625 0.541015625 0.8036024312500001 0.5263671875 0.7899305562500001 0.5126953125 0.7929687515625
47 0.455078125 0.8522135421874999 0.443359375 0.870442709375 0.4453125 0.8947482640625 0.45703125 0.9069010421874999 0.4697265625 0.9053819437499999 0.48046875 0.888671875 0.48046875 0.8674045140625 0.5 0.824869790625 0.4853515625 0.7960069437499999 0.4736328125 0.7960069437499999 0.46484375 0.8096788203124999 0.455078125 0.8309461796875001 0.455078125 0.8522135421874999
47 0.4853515625 0.8901909734375 0.466796875 0.9099392359375 0.46484375 0.934244790625 0.478515625 0.9463975687499999 0.4951171875 0.9479166671874999 0.505859375 0.9372829859375 0.51171875 0.9099392359375 0.5048828125 0.8962673593750001 0.4853515625 0.8901909734375
47 0.65625 0.9372829859375 0.6708984375 0.944878471875 0.6787109375 0.9661458328125001 0.689453125 0.9737413203124999 0.7001953125 0.9752604171874999 0.7109375 0.9615885421874999 0.708984375 0.934244790625 0.693359375 0.9190538203124999 0.689453125 0.8977864578125001 0.6806640625 0.887152778125 0.6591796875 0.8901909734375 0.650390625 0.9099392359375 0.65625 0.9372829859375
47 0.6796875 0.8734809015625 0.6904296875 0.8841145828125001 0.7041015625 0.8810763890625 0.71875 0.903862846875 0.7353515625 0.9023437515625 0.744140625 0.888671875 0.744140625 0.8674045140625 0.7294921875 0.8506944437499999 0.7158203125 0.8537326406249999 0.7041015625 0.835503471875 0.6826171875 0.8415798625 0.677734375 0.8552517359375 0.6796875 0.8734809015625
47 0.7783203125 0.744357640625 0.7646484375 0.7686631953124999 0.748046875 0.7762586796875001 0.767578125 0.815755209375 0.80078125 0.779296875 0.802734375 0.7641059015625 0.7958984375 0.7473958328125 0.7783203125 0.744357640625
47 0.8076171875 0.7838541671875 0.796875 0.794487846875 0.794921875 0.815755209375 0.81640625 0.833984375 0.828125 0.824869790625 0.83203125 0.8036024312500001 0.8251953125 0.7899305562500001 0.8076171875 0.7838541671875
47 0.8662109375 0.8020833328125001 0.85546875 0.815755209375 0.85546875 0.8370225687499999 0.8671875 0.8522135421874999 0.8779296875 0.8537326406249999 0.888671875 0.8430989578125001 0.89453125 0.8279079859375 0.8896484375 0.808159721875 0.8662109375 0.8020833328125001
47 0.8134765625 0.8810763890625 0.798828125 0.8977864578125001 0.796875 0.9220920140625 0.80859375 0.9403211796875001 0.8271484375 0.941840278125 0.8359375 0.9281684015625 0.837890625 0.903862846875 0.8310546875 0.887152778125 0.8134765625 0.8810763890625
47 0.7724609375 0.8537326406249999 0.7578125 0.870442709375 0.759765625 0.8917100687499999 0.767578125 0.900824653125 0.7802734375 0.9023437515625 0.791015625 0.888671875 0.79296875 0.8674045140625 0.7880859375 0.8598090265625 0.7724609375 0.8537326406249999
47 0.7822265625 0.9023437515625 0.7919921875 0.887152778125 0.80078125 0.934244790625 0.814453125 0.943359375 0.8271484375 0.941840278125 0.837890625 0.9220920140625 0.83203125 0.8734809015625 0.81640625 0.8552517359375 0.8095703125 0.8263888890625 0.7900390625 0.8233506937499999 0.779296875 0.8370225687499999 0.7783203125 0.8537326406249999 0.7666015625 0.8567708328125001 0.7578125 0.870442709375 0.7578125 0.888671875 0.7666015625 0.9023437515625 0.7822265625 0.9023437515625