47 0.5537109375 0.3671875 0.54296875 0.3798828125 0.54296875 0.4033203125 0.5673828125 0.4296875 0.5957031234375 0.4306640625 0.6171875 0.4072265625 0.6113281234375 0.3798828125 0.5849609375 0.3613281234375 0.5537109375 0.3671875
47 0.7353515625 0.2734375 0.71875 0.2880859375 0.71484375 0.3076171875 0.7353515625 0.3359375 0.7558593765625 0.3388671875 0.77734375 0.3271484375 0.7832031234375 0.3037109375 0.7646484375 0.2792968765625 0.7353515625 0.2734375
47 0.6044921875 0.2734375 0.5957031234375 0.2861328125 0.6015625 0.3095703125 0.6201171875 0.32421875 0.6425781234375 0.3251953125 0.6660156234375 0.3037109375 0.6640625 0.2802734375 0.6435546875 0.265625 0.6044921875 0.2734375
47 0.5068359375 0.3046875 0.5 0.3154296875 0.50390625 0.3408203125 0.5283203125 0.359375 0.5488281234375 0.3583984375 0.5722656234375 0.3388671875 0.56640625 0.3056640625 0.5478515625 0.2949218765625 0.5068359375 0.3046875
47 0.3955078125 0.3125 0.3808593765625 0.3251953125 0.3769531234375 0.3486328125 0.3994140625 0.3730468765625 0.421875 0.3740234375 0.4394531234375 0.3603515625 0.4433593765625 0.3349609375 0.4228515625 0.3125 0.3955078125 0.3125
47 0.4228515625 0.25 0.39453125 0.2685546875 0.3925781234375 0.2880859375 0.4111328125 0.30859375 0.4375 0.3115234375 0.4628906234375 0.3037109375 0.47265625 0.2744140625 0.4501953125 0.2519531234375 0.4228515625 0.25
47 0.2705078125 0.2753906234375 0.2597656234375 0.2919921875 0.2636718765625 0.3095703125 0.2900390625 0.3300781234375 0.3125 0.3291015625 0.3300781234375 0.3037109375 0.32421875 0.2802734375 0.3037109375 0.26953125 0.2705078125 0.2753906234375
47 0.6962890625 0.21875 0.6796875 0.2294921875 0.67578125 0.2568359375 0.6943359375 0.2792968765625 0.71875 0.2841796875 0.73828125 0.2685546875 0.7421875 0.2431640625 0.7294921875 0.2246093765625 0.6962890625 0.21875
47 0.8486328125 0.2011718765625 0.8134765625 0.2011718765625 0.7910156234375 0.2177734375 0.7910156234375 0.2392578125 0.8076171875 0.2558593765625 0.82421875 0.2587890625 0.8447265625 0.2558593765625 0.86328125 0.2392578125 0.86328125 0.2177734375 0.8486328125 0.2011718765625
47 0.9443359375 0.1542968765625 0.9316406234375 0.1708984375 0.9355468765625 0.1884765625 0.9541015625 0.203125 0.9746093765625 0.2041015625 0.9941406234375 0.1845703125 0.9921875 0.1630859375 0.9697265625 0.1503906234375 0.9443359375 0.1542968765625
47 0.1826171875 0.2089843765625 0.16796875 0.2275390625 0.171875 0.2451171875 0.1982421875 0.265625 0.21875 0.2646484375 0.2402343765625 0.2431640625 0.23828125 0.2216796875 0.2216796875 0.20703125 0.1826171875 0.2089843765625
47 0.3251953125 0.2246093765625 0.3046875 0.2451171875 0.3066406234375 0.2626953125 0.3232421875 0.2792968765625 0.3457031234375 0.2822265625 0.36328125 0.2666015625 0.3652343765625 0.2412109375 0.3486328125 0.2246093765625 0.3251953125 0.2246093765625
47 1 0.0009765625 0.0009765625 0 0 0.1806640625 0.0478515625 0.21484375 0.0947265625 0.1953125 0.1376953125 0.1875 0.1425781234375 0.2060546875 0.1923828125 0.265625 0.2314453125 0.2636718765625 0.2412109375 0.234375 0.2763671875 0.2363281234375 0.3037109375 0.25 0.3066406234375 0.2646484375 0.2744140625 0.2734375 0.26171875 0.2958984375 0.2841796875 0.3261718765625 0.3105468765625 0.3291015625 0.3222656234375 0.3212890625 0.3300781234375 0.2919921875 0.3583984375 0.28125 0.3613281234375 0.2685546875 0.375 0.2607421875 0.3701171875 0.2519531234375 0.390625 0.2685546875 0.39453125 0.2919921875 0.4091796875 0.3105468765625 0.4462890625 0.3125 0.4667968765625 0.3017578125 0.4755859375 0.2792968765625 0.5322265625 0.2792968765625 0.5458984375 0.25 0.5771484375 0.2480468765625 0.5800781234375 0.2373046875 0.5927734375 0.2324218765625 0.6396484375 0.234375 0.6748046875 0.25 0.6923828125 0.2792968765625 0.7158203125 0.28515625 0.7363281234375 0.2685546875 0.7363281234375 0.2333984375 0.7480468765625 0.2275390625 0.75 0.2138671875 0.7822265625 0.1972656234375 0.8125 0.2001953125 0.796875 0.2158203125 0.8017578125 0.2480468765625 0.8154296875 0.2578125 0.8447265625 0.2558593765625 0.859375 0.2451171875 0.8642578125 0.21875 0.8896484375 0.21875 0.90234375 0.2099609375 0.9042968765625 0.1748046875 0.8925781234375 0.1611328125 0.8974609375 0.15625 0.9267578125 0.1640625 0.9482421875 0.2011718765625 0.9814453125 0.203125 0.9941406234375 0.1865234375 0.9941406234375 0.1669921875 0.984375 0.1513671875 1 0.1513671875 1 0.0009765625