39 0.6082899312500001 0.4423828125 0.6041666671875 0.4501953125 0.6041666671875 0.4990234375 0.6433376734375 0.5068359375 0.6917860250000001 0.5078125 0.6969401046875 0.4990234375 0.6990017359375 0.4501953125 0.685601128125 0.43359375 0.6773546015624999 0.4296875 0.6258138015625 0.4296875 0.6082899312500001 0.4423828125
39 0.5052083328125 0.4892578125 0.5103624140624999 0.494140625 0.5330403640625 0.5 0.5794270828125 0.5029296875 0.592827690625 0.50390625 0.6000434015625 0.4990234375 0.602105034375 0.4384765625 0.590766059375 0.427734375 0.572211371875 0.423828125 0.5474717874999999 0.42578125 0.5309787328125 0.431640625 0.511393228125 0.4541015625 0.5052083328125 0.4892578125
39 0.4124348953125 0.4462890625 0.4124348953125 0.4814453125 0.43202039843750006 0.48828125 0.47016059062500004 0.4912109375 0.49799262187500004 0.4921875 0.5010850687499999 0.4892578125 0.5155164937500001 0.4423828125 0.5134548609375 0.4326171875 0.49593099062499996 0.419921875 0.4588216140625 0.41796875 0.43408203125 0.421875 0.4206814234375 0.4326171875 0.4124348953125 0.4462890625
39 0.7814670140625 0.4404296875 0.787651909375 0.4697265625 0.787651909375 0.5048828125 0.8062065984375 0.5107421875 0.8443467874999999 0.51171875 0.8649631078125 0.5078125 0.878363715625 0.4931640625 0.882486978125 0.4638671875 0.8763020828125001 0.4501953125 0.8587782125000001 0.43359375 0.7886827249999999 0.43359375 0.7814670140625 0.4404296875
39 0.6639539937500001 0.6025390625 0.659830728125 0.6162109375 0.66851851875 0.633333334375 0.672200521875 0.6552734375 0.7288953984375001 0.654296875 0.750542534375 0.6474609375 0.750542534375 0.6181640625 0.73095703125 0.58984375 0.71240234375 0.587890625 0.6814778640625 0.591796875 0.6639539937500001 0.6025390625
39 0.592827690625 0.61328125 0.583550346875 0.6220703125 0.585611978125 0.6572265625 0.5897352437500001 0.6591796875 0.667046440625 0.658203125 0.6680772562499999 0.6416015625 0.6577690984375 0.6162109375 0.646430121875 0.60546875 0.629937065625 0.6015625 0.6072591140625 0.60546875 0.592827690625 0.61328125
39 0.553656684375 0.611328125 0.516547309375 0.61328125 0.49696180625 0.6298828125 0.49696180625 0.6611328125 0.58251953125 0.66015625 0.5794270828125 0.6298828125 0.5660264749999999 0.615234375 0.553656684375 0.611328125
39 0.5052083328125 0.7724609375 0.509259259375 0.789473684375 0.5217013890625 0.7998046875 0.5361328125 0.8095703125 0.5619032125000001 0.80859375 0.6062282984375 0.7802734375 0.6144748265625 0.7646484375 0.6144748265625 0.7431640625 0.60107421875 0.724609375 0.5660264749999999 0.724609375 0.5289171015624999 0.73046875 0.507269965625 0.7451171875 0.5031467015625 0.7548828125 0.5052083328125 0.7724609375
39 0.4000651046875 0.8232421875 0.4103732640625 0.8427734375 0.43202039843750006 0.859375 0.4516059015625 0.8623046875 0.4773763015625 0.861328125 0.49799262187500004 0.85546875 0.5134548609375 0.8408203125 0.523763021875 0.8173828125 0.523763021875 0.8056640625 0.5134548609375 0.7841796875 0.500054253125 0.771484375 0.48149956562499996 0.763671875 0.45469835156249994 0.76171875 0.4382052953125 0.765625 0.42377387187500004 0.7734375 0.40418836718750006 0.7939453125 0.4000651046875 0.8232421875
39 0.5608723953125 0.8505859375 0.572211371875 0.869140625 0.5845811640624999 0.87109375 0.6041666671875 0.8818359375 0.613444009375 0.880859375 0.6340603296875 0.865234375 0.6587999140624999 0.861328125 0.6618923609375 0.8369140625 0.6536458328125 0.8212890625 0.6361219625000001 0.802734375 0.611382378125 0.79296875 0.5948893234375 0.79296875 0.5804578984375001 0.798828125 0.567057290625 0.8115234375 0.5608723953125 0.8251953125 0.5608723953125 0.8505859375
39 0.34337022500000003 0.9375 0.3536783859375 0.935546875 0.3804796015625 0.953125 0.39800347187499996 0.9541015625 0.42171224062499996 0.953125 0.4402669265625 0.943359375 0.46088324687500004 0.953125 0.4835611984375 0.951171875 0.50830078125 0.935546875 0.5495334203125 0.953125 0.572211371875 0.953125 0.58251953125 0.951171875 0.6155056421875 0.92578125 0.6237521703125 0.93359375 0.646430121875 0.94140625 0.6773546015624999 0.9375 0.6959092874999999 0.921875 0.71240234375 0.923828125 0.7288953984375001 0.931640625 0.759819878125 0.9296875 0.7701280374999999 0.91015625 0.7989908859375 0.912109375 0.8216688359375001 0.904296875 0.8330078125 0.8955078125 0.8484700515625001 0.8671875 0.852593315625 0.869140625 0.8567165796875 0.865234375 0.867024740625 0.869140625 0.8958875859375001 0.865234375 0.8927951390625 0.8212890625 0.89794921875 0.8046875 0.9010416671874999 0.8056640625 0.8969184015625 0.8173828125 0.9010416671874999 0.8603515625 0.9144422750000001 0.873046875 0.9474283859374999 0.875 0.963921440625 0.865234375 0.9752604171874999 0.8505859375 0.9793836796875001 0.8310546875 0.9752604171874999 0.8134765625 0.9670138890625 0.8095703125 0.9649522562499999 0.7958984375 0.9577365453125 0.791015625 0.95361328125 0.794921875 0.9494900171875 0.783203125 0.9371202249999999 0.78515625 0.9329969625000001 0.779296875 0.924750434375 0.779296875 0.917534721875 0.7841796875 0.9195963546874999 0.7412109375 0.9144422750000001 0.734375 0.9041341140625001 0.732421875 0.9000108515624999 0.736328125 0.8969184015625 0.7333984375 0.894856771875 0.7060546875 0.9185655374999999 0.703125 0.924750434375 0.689453125 0.9556749140624999 0.6796875 0.9835069437499999 0.6572265625 0.980414496875 0.642578125 0.9701063359375001 0.646484375 0.9608289937500001 0.6396484375 0.9649522562499999 0.6279296875 0.9608289937500001 0.6005859375 0.9443359375 0.5830078125 0.9474283859374999 0.578125 0.9597981765625001 0.580078125 0.9742296015624999 0.57421875 0.9793836796875001 0.5595703125 0.9402126734375 0.5400390625 0.952582465625 0.5107421875 0.9587673609375 0.5068359375 0.962890625 0.4912109375 0.9608289937500001 0.4638671875 0.9670138890625 0.4501953125 0.9608289937500001 0.4384765625 0.9752604171874999 0.4287109375 0.9773220484375 0.4189453125 0.9556749140624999 0.3984375 0.917534721875 0.3779296875 0.9113498265625 0.3505859375 0.9288736984374999 0.35546875 0.9381510421874999 0.3505859375 0.9402126734375 0.3408203125 0.9000108515624999 0.302734375 0.878363715625 0.2939453125 0.880425346875 0.2841796875 0.8732096359374999 0.27734375 0.8659939234375 0.2802734375 0.8742404515625 0.2861328125 0.8732096359374999 0.291015625 0.8629014749999999 0.283203125 0.86083984375 0.287109375 0.850531684375 0.28515625 0.8474392359375 0.2822265625 0.8515625 0.2802734375 0.8515625 0.2724609375 0.843315971875 0.2666015625 0.8546549484374999 0.26171875 0.867024740625 0.2734375 0.8752712671875 0.2734375 0.882486978125 0.2880859375 0.89794921875 0.296875 0.906195746875 0.265625 0.9329969625000001 0.267578125 0.934027778125 0.2626953125 0.9206271703125 0.25390625 0.9123806421875 0.2578125 0.894856771875 0.2275390625 0.882486978125 0.2177734375 0.8835177953125 0.1875 0.8763020828125001 0.1884765625 0.8752712671875 0.205078125 0.8567165796875 0.177734375 0.8484700515625001 0.177734375 0.8381618921875 0.16796875 0.8299153640625001 0.166015625 0.815483940625 0.169921875 0.8103298609375 0.1513671875 0.8031141484375001 0.146484375 0.792805990625 0.146484375 0.7897135421875 0.1533203125 0.794867621875 0.1640625 0.8062065984375 0.1689453125 0.7958984375 0.1748046875 0.7958984375 0.1806640625 0.8062065984375 0.1845703125 0.776312934375 0.1875 0.7711588546875 0.1748046875 0.7732204859375 0.1689453125 0.7629123265625 0.1591796875 0.7608506937499999 0.1396484375 0.7536349828125 0.1328125 0.7453884546875 0.1328125 0.7381727437500001 0.1416015625 0.7422960062499999 0.1455078125 0.739203559375 0.16015625 0.7350802953125 0.154296875 0.7144639749999999 0.154296875 0.7196180562500001 0.1416015625 0.703125 0.1376953125 0.7062174484375 0.125 0.713433159375 0.1279296875 0.71240234375 0.134765625 0.7330186640624999 0.1328125 0.734049478125 0.1279296875 0.7247721359375 0.12109375 0.7062174484375 0.119140625 0.6897243921875 0.1328125 0.6814778640625 0.126953125 0.6711697046875 0.13671875 0.6608615453125 0.12890625 0.6536458328125 0.1376953125 0.6577690984375 0.1435546875 0.6536458328125 0.1552734375 0.6618923609375 0.1591796875 0.6515842015625 0.1650390625 0.6536458328125 0.1845703125 0.6412760421875 0.1884765625 0.6453993062500001 0.2001953125 0.6402452249999999 0.201171875 0.6319986984375 0.19140625 0.6144748265625 0.1826171875 0.620659721875 0.1767578125 0.6124131937499999 0.1728515625 0.6124131937499999 0.1669921875 0.6216905374999999 0.162109375 0.6340603296875 0.1640625 0.6495225687499999 0.1533203125 0.6453993062500001 0.1357421875 0.6402452249999999 0.130859375 0.6237521703125 0.134765625 0.6175672750000001 0.130859375 0.6072591140625 0.134765625 0.602105034375 0.1318359375 0.60107421875 0.125 0.592827690625 0.125 0.5897352437500001 0.1298828125 0.5959201390625 0.1337890625 0.5845811640624999 0.1484375 0.5247938359375001 0.14453125 0.518608940625 0.1484375 0.5041775171875 0.142578125 0.4938693578125 0.1328125 0.48871527812500004 0.1396484375 0.4949001734375 0.1435546875 0.4835611984375 0.14453125 0.47222222187499996 0.1552734375 0.47222222187499996 0.1630859375 0.4753146703125 0.169921875 0.4876844625 0.169921875 0.48974609375 0.146484375 0.511393228125 0.1513671875 0.5052083328125 0.1650390625 0.507269965625 0.1689453125 0.49696180625 0.1728515625 0.5052083328125 0.1845703125 0.5021158859375 0.1953125 0.48974609375 0.1796875 0.46397569375 0.1708984375 0.4660373265625 0.1494140625 0.47016059062500004 0.1455078125 0.46397569375 0.1396484375 0.46500650937500004 0.125 0.4557291671875 0.1259765625 0.4557291671875 0.1416015625 0.4464518234375 0.146484375 0.4382052953125 0.140625 0.4093424484375 0.140625 0.40625 0.1376953125 0.40831163281249994 0.1279296875 0.4000651046875 0.1220703125 0.40625 0.1162109375 0.40521918437500004 0.107421875 0.4000651046875 0.1083984375 0.38666449687500004 0.12890625 0.37944878437499996 0.1064453125 0.3732638890625 0.1044921875 0.375325521875 0.1220703125 0.3650173609375 0.1279296875 0.37120225625000003 0.1376953125 0.3567708328125 0.1416015625 0.3619249140625 0.15625 0.34027777812500004 0.1416015625 0.34130859375 0.13671875 0.3536783859375 0.138671875 0.3567708328125 0.1357421875 0.3567708328125 0.1259765625 0.33203125 0.1220703125 0.33924696249999997 0.109375 0.3289388015625 0.109375 0.3196614578125 0.1181640625 0.3103841140625 0.142578125 0.2897677953125 0.150390625 0.2825520828125 0.1396484375 0.28461371562500004 0.1298828125 0.2815212671875 0.126953125 0.2712131078125 0.134765625 0.26502821249999997 0.125 0.24853515625 0.119140625 0.21761067656250002 0.119140625 0.20524088593749998 0.125 0.1908094625 0.142578125 0.17843967031250002 0.134765625 0.1537000859375 0.134765625 0.14029947812500002 0.1455078125 0.12896050312500001 0.16796875 0.1165907125 0.162109375 0.08154296875 0.166015625 0.07020399375 0.1826171875 0.06814236093750001 0.2099609375 0.072265625 0.2236328125 0.06298828125 0.2265625 0.051649306250000006 0.2373046875 0.043402778125 0.2529296875 0.043402778125 0.2705078125 0.0475260421875 0.2783203125 0.043402778125 0.2978515625 0.004231771875 0.3017578125 0.004231771875 0.3115234375 0.0124782984375 0.3271484375 0.023817275 0.322265625 0.037217882812500006 0.3310546875 0.037217882812500006 0.3369140625 0.013509114062499999 0.3515625 0.0021701390625 0.3681640625 0.0021701390625 0.4736328125 0.010416667187500001 0.4794921875 0.010416667187500001 0.4892578125 0.004231771875 0.5048828125 0.0021701390625 0.5283203125 0.0021701390625 0.8095703125 0.0052625859375 0.8125 0.04443359375 0.8125 0.05989583281250001 0.8427734375 0.08154296875 0.859375 0.12896050312500001 0.861328125 0.1392686640625 0.857421875 0.14442274375 0.8720703125 0.15576171875 0.87109375 0.16091579843749998 0.8896484375 0.1763780375 0.900390625 0.18256293437499999 0.90234375 0.1856553828125 0.8935546875 0.19184027812499999 0.8916015625 0.19184027812499999 0.9033203125 0.2021484375 0.9111328125 0.210394965625 0.9287109375 0.219672309375 0.9375 0.2526584203125 0.939453125 0.2712131078125 0.93359375 0.29389105937500004 0.91796875 0.3021375859375 0.927734375 0.34337022500000003 0.9375