51 0.6528625484374999 0.66015625 0.6720886234375001 0.671875 0.6977233890625001 0.681640625 0.735107421875 0.6865234375 0.7831726078125001 0.6875 0.8152160640625 0.681640625 0.8429870609375 0.671875 0.864349365625 0.658203125 0.8782348624999999 0.6435546875 0.8867797843749999 0.6259765625 0.8867797843749999 0.5791015625 0.8654174812500001 0.5341796875 0.845123290625 0.513671875 0.810943603125 0.501953125 0.7746276859375001 0.5 0.7468566890624999 0.50390625 0.6870422359374999 0.529296875 0.647521971875 0.5615234375 0.6368408203125 0.5751953125 0.617614746875 0.6162109375 0.62188720625 0.6318359375 0.6528625484374999 0.66015625
51 0.6731567375 0.8564453125 0.6870422359374999 0.87109375 0.7169494624999999 0.88671875 0.76287841875 0.8955078125 0.80239868125 0.89453125 0.83657836875 0.87890625 0.86328125 0.8505859375 0.8760986328125 0.8154296875 0.8760986328125 0.7705078125 0.8675537109375 0.7451171875 0.854736328125 0.7275390625 0.8323059078125 0.70703125 0.80239868125 0.6953125 0.7618103031250001 0.697265625 0.7319030765625001 0.708984375 0.7126770015624999 0.720703125 0.6923828125 0.7373046875 0.6774292 0.7587890625 0.666748046875 0.7763671875 0.658203125 0.8017578125 0.6624755859375 0.8369140625 0.6731567375 0.8564453125
51 0.5310974125000001 0.802734375 0.5524597171875001 0.81640625 0.5845031734374999 0.828125 0.617614746875 0.8330078125 0.6421813968750001 0.83203125 0.65606689375 0.8271484375 0.658203125 0.7919921875 0.666748046875 0.7705078125 0.6881103515625 0.7392578125 0.683837890625 0.7314453125 0.6635437015625001 0.71484375 0.6122741703125001 0.693359375 0.5545959468749999 0.685546875 0.5182800296875001 0.69140625 0.50439453125 0.7080078125 0.5022583 0.7236328125 0.5022583 0.7568359375 0.512939453125 0.7841796875 0.5310974125000001 0.802734375
51 0.40185546875 0.8271484375 0.42001342812500003 0.84375 0.43710327187500003 0.853515625 0.48944091875 0.8662109375 0.5118713374999999 0.8671875 0.5353698734375001 0.859375 0.544982909375 0.8505859375 0.5599365234375 0.8271484375 0.5599365234375 0.8212890625 0.5353698734375001 0.8046875 0.5289611812499999 0.8046875 0.515075684375 0.7880859375 0.5001220703125 0.7607421875 0.5001220703125 0.7314453125 0.49478149374999997 0.7265625 0.46487426718749997 0.720703125 0.42642211874999997 0.720703125 0.40292358437500003 0.728515625 0.393310546875 0.7373046875 0.3890380859375 0.7490234375 0.393310546875 0.8076171875 0.40185546875 0.8271484375
51 0.26513671875 0.8837890625 0.271545409375 0.8974609375 0.2961120609375 0.919921875 0.342041015625 0.9326171875 0.3730163578125 0.931640625 0.3965148921875 0.923828125 0.40719604531250003 0.916015625 0.4232177734375 0.8935546875 0.4381713875 0.8583984375 0.40185546875 0.8291015625 0.393310546875 0.8076171875 0.3879699703125 0.802734375 0.3452453609375 0.80078125 0.3025207515625 0.8125 0.2822265625 0.8310546875 0.26727295 0.8623046875 0.26513671875 0.8837890625
51 0.018402099999999998 0.7421875 0.0461730953125 0.7578125 0.0675354 0.765625 0.10919189375 0.7724609375 0.1508483890625 0.771484375 0.1679382328125 0.767578125 0.1999816890625 0.751953125 0.2138671875 0.7392578125 0.222412109375 0.7236328125 0.222412109375 0.6728515625 0.2010498046875 0.6298828125 0.1572570796875 0.58984375 0.1017150875 0.56640625 0.095306396875 0.568359375 0.0632629390625 0.5625 0.0483093265625 0.564453125 0.020538329687500002 0.576171875 0.000244140625 0.5947265625 0.000244140625 0.7255859375 0.018402099999999998 0.7421875
51 0.356994628125 0.2158203125 0.3708801265625 0.228515625 0.3879699703125 0.236328125 0.4381713875 0.2373046875 0.45632934531249997 0.23828125 0.5033264156249999 0.22265625 0.5343017578125 0.2001953125 0.55352783125 0.1708984375 0.55780029375 0.1552734375 0.55780029375 0.1240234375 0.547119140625 0.1025390625 0.5246887203124999 0.078125 0.49264526406250003 0.0625 0.46914672812499997 0.0625 0.45205688437499997 0.06640625 0.41146850625000003 0.0859375 0.36767578125 0.1259765625 0.3505859375 0.1572265625 0.3505859375 0.2041015625 0.356994628125 0.2158203125
51 0.813079834375 0.404296875 0.828033446875 0.412109375 0.85580444375 0.419921875 0.8846435546875 0.4228515625 0.930572509375 0.423828125 0.9626159671875 0.41015625 0.983978271875 0.408203125 0.9978637687499999 0.3974609375 1 0.2802734375 0.9946594234375 0.2734375 0.9540710453125 0.2578125 0.8878479 0.2578125 0.83657836875 0.2734375 0.8088073734375 0.29296875 0.794921875 0.3076171875 0.784240721875 0.3251953125 0.77783203125 0.3466796875 0.77783203125 0.3603515625 0.794921875 0.3876953125 0.813079834375 0.404296875
51 1 0.4130859375 0.99252319375 0.41015625 0.964752196875 0.41015625 0.9284362796875 0.42578125 0.9081420906250001 0.4443359375 0.8995971687500001 0.4580078125 0.8867797843749999 0.4970703125 0.8867797843749999 0.5380859375 0.8995971687500001 0.5751953125 0.9209594718749999 0.6064453125 0.956207275 0.6328125 0.9807739249999999 0.6416015625 1 0.6416015625 1 0.4130859375
51 0.8910522468750001 0.1416015625 0.881439209375 0.13671875 0.8739624031250001 0.1396484375 0.8760986328125 0.1455078125 0.8857116703125 0.146484375 0.8910522468750001 0.1416015625
51 0.6443176265624999 0 0.634704590625 0.0224609375 0.634704590625 0.0478515625 0.647521971875 0.0830078125 0.664611815625 0.1044921875 0.6870422359374999 0.123046875 0.7415161125 0.1416015625 0.7639465328124999 0.142578125 0.7874450687500001 0.1328125 0.7991943359375 0.1240234375 0.81201171875 0.1044921875 0.8162841796875 0.0908203125 0.8162841796875 0.0556640625 0.8098754874999999 0.0361328125 0.79705810625 0.0146484375 0.7831726078125001 0 0.6443176265624999 0
51 0.5941162109375 0.0166015625 0.5845031734374999 0.01171875 0.581298828125 0.0146484375 0.583435059375 0.0205078125 0.5930480953124999 0.021484375 0.5941162109375 0.0166015625
51 0.583435059375 0.2431640625 0.6144103999999999 0.271484375 0.6507263187500001 0.287109375 0.683837890625 0.2939453125 0.7019958500000001 0.294921875 0.7276306156250001 0.2890625 0.7447204593750001 0.279296875 0.76287841875 0.2626953125 0.7735595703125 0.2431640625 0.77783203125 0.2158203125 0.77783203125 0.1943359375 0.771423340625 0.1748046875 0.76287841875 0.1611328125 0.7447204593750001 0.14453125 0.7105407718750001 0.130859375 0.6528625484374999 0.126953125 0.6144103999999999 0.134765625 0.5866394046875001 0.1484375 0.57275390625 0.1611328125 0.564208984375 0.1806640625 0.566345215625 0.2138671875 0.583435059375 0.2431640625