51 0.443359375 0.8771672921875 0.46484375 0.8303069359374999 0.47265625 0.8010192125 0.4765625 0.7746602625000001 0.4765625 0.7248711343750001 0.46875 0.683868321875 0.455078125 0.6487230546875 0.4384765625 0.6267572640625 0.4033203125 0.597469540625 0.3935546875 0.5857544515625001 0.3720703125 0.576968134375 0.3505859375 0.5593955015625001 0.3349609375 0.5506091843750001 0.3076171875 0.5476804125 0.2666015625 0.5623242734375 0.2451171875 0.5798969078125 0.23046875 0.5989339265625 0.2109375 0.637007965625 0.203125 0.6633669171875 0.1953125 0.7131560453125 0.1953125 0.7600164015625 0.203125 0.8127343015624999 0.22265625 0.865452203125 0.2744140625 0.9430646671874999 0.2939453125 0.9518509843749999 0.3095703125 0.9518509843749999 0.3271484375 0.957708528125 0.361328125 0.9562441421875001 0.3798828125 0.9489222125 0.3955078125 0.9372071234374999 0.4287109375 0.9020618562499999 0.443359375 0.8771672921875
51 0.771484375 0.51399953125 0.77734375 0.4993556703125 0.787109375 0.45835285781249996 0.787109375 0.443708996875 0.794921875 0.38806232500000004 0.794921875 0.3529170578125 0.79296875 0.349988284375 0.79296875 0.32362933437499997 0.78515625 0.2855552953125 0.77734375 0.2650538890625 0.77734375 0.2591963453125 0.7548828125 0.21672914687499997 0.7373046875 0.19622774062499998 0.7119140625 0.1757263359375 0.6923828125 0.16694001875 0.6650390625 0.164011246875 0.6630859375 0.161082475 0.65625 0.1684044046875 0.658203125 0.1713331765625 0.658203125 0.20647844375000002 0.666015625 0.23283739531249997 0.666015625 0.24748125625 0.66015625 0.270911434375 0.6494140625 0.28701968125 0.6240234375 0.304592315625 0.6064453125 0.304592315625 0.5869140625 0.2987347703125 0.5615234375 0.28409090937500003 0.5283203125 0.289948453125 0.5234375 0.29727038437500003 0.51171875 0.344130740625 0.509765625 0.423207590625 0.515625 0.46713917499999996 0.525390625 0.5022844421875 0.53515625 0.5257146203125 0.5556640625 0.5564667296875 0.5849609375 0.5857544515625001 0.6064453125 0.597469540625 0.6376953125 0.6062558578125 0.666015625 0.604791471875 0.6943359375 0.597469540625 0.7138671875 0.5857544515625001 0.7412109375 0.5593955015625001 0.771484375 0.51399953125
51 0.6767578125 0.8171274609375001 0.6962890625 0.8259137765625001 0.701171875 0.8215206187499999 0.703125 0.8127343015624999 0.705078125 0.798090440625 0.703125 0.730728678125 0.697265625 0.698512184375 0.689453125 0.6721532328125 0.6708984375 0.641401125 0.6337890625 0.6150421749999999 0.6318359375 0.617970946875 0.6123046875 0.6150421749999999 0.5869140625 0.623828490625 0.5810546875 0.6296860359374999 0.5615234375 0.6326148078125 0.5439453125 0.641401125 0.5087890625 0.67361761875 0.494140625 0.698512184375 0.494140625 0.704369728125 0.484375 0.7190135890625 0.48046875 0.730728678125 0.478515625 0.7688027171875 0.47265625 0.8127343015624999 0.486328125 0.8595946578125 0.5224609375 0.9137769453125 0.5537109375 0.9342783499999999 0.5703125 0.9357427359375 0.59375 0.8859536078125 0.6357421875 0.8259137765625001 0.6552734375 0.8141986875 0.6767578125 0.8171274609375001
51 0.3349609375 0.5388940953125 0.341796875 0.54035848125 0.34375 0.531572165625 0.3349609375 0.5183926890625 0.33203125 0.531572165625 0.3349609375 0.5388940953125
51 0.513671875 0.60772024375 0.517578125 0.62822165 0.5205078125 0.6326148078125 0.529296875 0.6311504218749999 0.53125 0.6252928765625 0.521484375 0.604791471875 0.5146484375 0.6003983125000001 0.513671875 0.60772024375
51 0.4765625 0.41442127500000003 0.4921875 0.41442127500000003 0.490234375 0.3997774140625 0.4775390625 0.38074039375 0.474609375 0.38806232500000004 0.4765625 0.41442127500000003
51 0.453125 0.6252928765625 0.45703125 0.6428655109375 0.46484375 0.651651828125 0.4609375 0.5989339265625 0.4580078125 0.591611996875 0.455078125 0.5989339265625 0.453125 0.6252928765625
51 0.4853515625 0.2958059984375 0.484375 0.32655810625 0.486328125 0.34120196875 0.494140625 0.36170337343750003 0.49609375 0.36170337343750003 0.498046875 0.3587746015625 0.49609375 0.3353444234375 0.48828125 0.30019915625000004 0.4853515625 0.2958059984375
51 0.5 0.30019915625000004 0.5 0.31484301718749996 0.50390625 0.3207005625 0.505859375 0.33241565156249997 0.5087890625 0.336808809375 0.51171875 0.3353444234375 0.51953125 0.31484301718749996 0.5205078125 0.2958059984375 0.5048828125 0.2958059984375 0.5 0.30019915625000004
51 0.4912109375 0.24894564218749998 0.486328125 0.256267571875 0.486328125 0.2679826609375 0.4921875 0.2855552953125 0.494140625 0.2855552953125 0.5302734375 0.266518275 0.533203125 0.2591963453125 0.5224609375 0.2518744140625 0.4912109375 0.24894564218749998
51 0.4169921875 0.3514526703125 0.4384765625 0.32802249375 0.447265625 0.3119142453125 0.4423828125 0.31044985937499997 0.4072265625 0.336808809375 0.3896484375 0.3455951265625 0.375 0.36170337343750003 0.373046875 0.36756091875 0.375 0.37048969062500003 0.3876953125 0.3690253046875 0.3994140625 0.357310215625 0.4072265625 0.357310215625 0.4169921875 0.3514526703125
51 0.4228515625 0.45103092812499995 0.4130859375 0.43638706718750003 0.408203125 0.45542408593749995 0.40625 0.4964268984375 0.404296875 0.4993556703125 0.404296875 0.51399953125 0.41015625 0.51399953125 0.41796875 0.5052132140625 0.435546875 0.45835285781249996 0.4287109375 0.45103092812499995 0.4228515625 0.45103092812499995
51 0.3623046875 0.424671978125 0.361328125 0.4349226796875 0.375 0.46713917499999996 0.3876953125 0.4861761953125 0.390625 0.48471180937499997 0.400390625 0.44663776874999994 0.400390625 0.43785145312499996 0.3818359375 0.42760075000000003 0.3623046875 0.424671978125
51 0.4541015625 0.3455951265625 0.4267578125 0.3719540765625 0.412109375 0.39391986874999996 0.412109375 0.3997774140625 0.4208984375 0.410028115625 0.4228515625 0.40709934375 0.4306640625 0.410028115625 0.451171875 0.40856372968750004 0.455078125 0.39391986874999996 0.455078125 0.3587746015625 0.45703125 0.3558458296875 0.4541015625 0.3455951265625
51 0.4580078125 0.2548031859375 0.4404296875 0.257731959375 0.435546875 0.2621251171875 0.4306640625 0.27530459218750003 0.3896484375 0.29287722656250004 0.3740234375 0.30752108749999996 0.361328125 0.3294868796875 0.369140625 0.3294868796875 0.4111328125 0.30752108749999996 0.4541015625 0.2958059984375 0.4609375 0.2591963453125 0.4580078125 0.2548031859375
51 0.4609375 0.51399953125 0.4609375 0.48471180937499997 0.4560546875 0.477389878125 0.4501953125 0.47446110625 0.44140625 0.48471180937499997 0.44140625 0.490569353125 0.4296875 0.5198570765625 0.427734375 0.537429709375 0.419921875 0.5491447984375 0.41015625 0.5755037484375001 0.408203125 0.590147609375 0.412109375 0.590147609375 0.4326171875 0.576968134375 0.453125 0.5432872546875 0.455078125 0.5286433921875 0.4609375 0.51399953125
51 0.494140625 0.5842900656250001 0.48828125 0.5696462046875 0.4921875 0.563788659375 0.4921875 0.5520735703125 0.484375 0.5345009375 0.484375 0.5257146203125 0.4794921875 0.5213214625 0.474609375 0.5286433921875 0.470703125 0.5462160265625 0.46875 0.604791471875 0.4765625 0.6487230546875 0.4794921875 0.6531162140625 0.486328125 0.651651828125 0.4970703125 0.6472586687499999 0.501953125 0.6399367390624999 0.494140625 0.60772024375 0.494140625 0.5842900656250001
51 0.337890625 0.4349226796875 0.337890625 0.423207590625 0.3349609375 0.4188144328125 0.33203125 0.423207590625 0.33203125 0.443708996875 0.330078125 0.44663776874999994 0.330078125 0.4964268984375 0.33203125 0.5081419875 0.3388671875 0.5096063734375 0.3701171875 0.55353795625 0.375 0.5520735703125 0.380859375 0.531572165625 0.380859375 0.516928303125 0.34765625 0.46713917499999996 0.337890625 0.4349226796875