53 0.63671875 0.7641479484375 0.625 0.68068169375 0.61328125 0.6461439343750001 0.5908203125 0.6216796875 0.5576171875 0.613045246875 0.4892578125 0.6159233937499999 0.4462890625 0.6331922750000001 0.4130859375 0.656217446875 0.3525390625 0.7166585296875 0.306640625 0.7842949765625 0.271484375 0.8476142046874999 0.2421875 0.913811578125 0.220703125 0.9857652453125001 0.2236328125 0.99871690625 0.587890625 0.9972778312499999 0.6171875 0.9253241640625 0.630859375 0.86776123125 0.638671875 0.798685709375 0.63671875 0.7641479484375
53 0.3408203125 0.728171115625 0.40234375 0.66053466875 0.3984375 0.59433729375 0.388671875 0.542530653125 0.359375 0.45330810625 0.3271484375 0.40294053906249994 0.3037109375 0.37991536406250004 0.2724609375 0.362646484375 0.2451171875 0.3568901921875 0.2119140625 0.36552463125 0.1826171875 0.362646484375 0.1611328125 0.368402778125 0.1298828125 0.3885498046875 0.1123046875 0.40869683125 0.087890625 0.4504299578125 0.07421875 0.48784586562500004 0.06640625 0.5223836265624999 0.05859375 0.588581 0.05859375 0.6576565203125 0.06640625 0.7296101890625 0.078125 0.7929294171875 0.099609375 0.859126790625 0.12109375 0.9022989906250001 0.1513671875 0.94403211875 0.1826171875 0.96417914375 0.216796875 0.9656182187500001 0.2265625 0.9569837781249999 0.248046875 0.8936645515625001 0.296875 0.7958075625000001 0.3408203125 0.728171115625
53 0.6748046875 0 0.66796875 0.0215861 0.66015625 0.0906616203125 0.662109375 0.165493434375 0.671875 0.220178221875 0.697265625 0.286375596875 0.7236328125 0.32235243125 0.740234375 0.33242594375 0.8017578125 0.28781466875 0.8583984375 0.259033203125 0.9345703125 0.241764321875 0.9853515625 0.241764321875 0.9921875 0.22881266249999999 1 0.1856404625 1 0.087783475 0.984375 0.00431721875 0.9814453125 0 0.6748046875 0
53 1 0.25183783593750003 0.9892578125 0.24464246875 0.9169921875 0.2475206171875 0.8583984375 0.26191135 0.8076171875 0.28781466875 0.7431640625 0.3338650171875 0.7138671875 0.362646484375 0.662109375 0.4475518125 0.646484375 0.5137491859375001 0.64453125 0.5770684140625 0.658203125 0.6576565203125 0.681640625 0.7094631625 0.7138671875 0.7511962890625 0.7333984375 0.7627088765625001 0.8349609375 0.7684651687499999 0.8798828125 0.77997775625 0.9052734375 0.8001247828125001 0.931640625 0.8015638562499999 0.9638671875 0.8001247828125001 1 0.79005126875 1 0.25183783593750003
53 1 0.9195678703124999 0.9638671875 0.8605658640625 0.9091796875 0.8087592234375001 0.8818359375 0.7914903437499999 0.8173828125 0.7713433171874999 0.7431640625 0.7742214625 0.7021484375 0.7914903437499999 0.6826171875 0.8058810765625 0.646484375 0.8476142046874999 0.615234375 0.9771308062499999 0.6162109375 0.99871690625 1 0.9972778312499999 1 0.9195678703124999
53 0.6953125 0.3583292640625 0.669921875 0.2604722765625 0.66796875 0.21442192968749998 0.65625 0.130955675 0.6357421875 0.11224772031250001 0.5986328125 0.100735134375 0.5419921875 0.10649142812500001 0.5146484375 0.1208821609375 0.4951171875 0.13815104218750002 0.44921875 0.21154378125 0.439453125 0.248959690625 0.439453125 0.3094007703125 0.43359375 0.3381822375 0.435546875 0.3583292640625 0.443359375 0.39862331875 0.455078125 0.4331610796875 0.48046875 0.482089571875 0.5009765625 0.5065538187499999 0.5341796875 0.5324571406249999 0.607421875 0.5367743593750001 0.640625 0.5338962125 0.65625 0.456186253125 0.6953125 0.38135443750000003 0.6953125 0.3583292640625
53 0.2919921875 0 0.275390625 0.0215861 0.263671875 0.056123860937500006 0.26171875 0.13671196875 0.279296875 0.21442192968749998 0.302734375 0.3669637046875 0.3134765625 0.3856716578125 0.3623046875 0.4346001515625 0.3759765625 0.4432345921875 0.423828125 0.444673665625 0.4326171875 0.4432345921875 0.447265625 0.427404784375 0.431640625 0.346816678125 0.4375 0.248959690625 0.44921875 0.2057874890625 0.466796875 0.165493434375 0.435546875 0.1021742078125 0.42578125 0.067636446875 0.42578125 0.053245714062500005 0.412109375 0.012951659374999999 0.4033203125 0 0.2919921875 0
53 0 0.2719848640625 0.01171875 0.346816678125 0.021484375 0.37559814375 0.0361328125 0.40006239218750006 0.0712890625 0.4403564453125 0.083984375 0.438917371875 0.1220703125 0.3914279515625 0.1533203125 0.368402778125 0.1806640625 0.3597683375 0.2587890625 0.35401204375 0.265625 0.34393853124999996 0.271484375 0.30364447656250004 0.271484375 0.231690809375 0.265625 0.174127875 0.25390625 0.11368679374999999 0.236328125 0.07051459375 0.1884765625 0.0057562937500000005 0.1474609375 0 0.0517578125 0.0028781468750000002 0.0234375 0.03885498125 0.0078125 0.08202718125 0 0.1453464078125 0 0.2719848640625
53 0.65625 0.663412815625 0.642578125 0.5770684140625 0.6357421875 0.5669949 0.5986328125 0.54109158125 0.5439453125 0.5353352859375 0.4892578125 0.56123860625 0.443359375 0.6116061734375 0.439453125 0.6202406140625001 0.4423828125 0.630314128125 0.4931640625 0.613045246875 0.5712890625 0.613045246875 0.6005859375 0.62743598125 0.6171875 0.6519002281249999 0.623046875 0.6691691078125 0.62890625 0.7123413078125 0.634765625 0.7296101890625 0.642578125 0.7929294171875 0.642578125 0.8274671765624999 0.6455078125 0.83466254375 0.65234375 0.83322346875 0.6806640625 0.8030029296875 0.6962890625 0.7943684890625 0.701171875 0.7842949765625 0.65625 0.663412815625
53 0 0.968496365625 0.00390625 0.968496365625 0.0771484375 0.93251953125 0.0947265625 0.918128796875 0.10546875 0.8936645515625001 0.103515625 0.8735175234374999 0.07421875 0.7842949765625 0.0625 0.71521945625 0.056640625 0.6461439343750001 0.0625 0.5338962125 0.078125 0.4619425453125 0.0498046875 0.44899088593750003 0 0.45330810625 0 0.968496365625
53 0.634765625 0.8101982953125001 0.625 0.804442003125 0.625 0.69219428125 0.615234375 0.6519002281249999 0.5966796875 0.62743598125 0.5654296875 0.6159233937499999 0.4951171875 0.6159233937499999 0.4755859375 0.6216796875 0.4580078125 0.6331922750000001 0.4482421875 0.6331922750000001 0.4013671875 0.667730034375 0.3876953125 0.684998915625 0.3759765625 0.6907552078125 0.3310546875 0.7483181421875 0.330078125 0.744000921875 0.3505859375 0.71378038125 0.40234375 0.66053466875 0.3984375 0.597215440625 0.38671875 0.5367743593750001 0.36328125 0.46482069218750005 0.34375 0.427404784375 0.3017578125 0.37991536406250004 0.2607421875 0.3597683375 0.1728515625 0.36552463125 0.1552734375 0.371280925 0.1220703125 0.39718424375 0.087890625 0.45330810625 0.0703125 0.5051147453125 0.060546875 0.5713121203125 0.05859375 0.6432657875000001 0.06640625 0.7267320421875 0.078125 0.79005126875 0.1015625 0.8620049375000001 0.123046875 0.9051771375 0.1611328125 0.9555447062500001 0.1845703125 0.9670572921874999 0.2158203125 0.9699354390625 0.2265625 0.959861925 0.2333984375 0.935397678125 0.234375 0.9512274843749999 0.224609375 0.9713745109374999 0.2236328125 0.9958387578125001 0.478515625 0.9972778312499999 0.5888671875 0.9929606124999999 0.59765625 0.9742526578125 0.62109375 0.9022989906250001 0.634765625 0.8101982953125001
53 0.6845703125 0 0.6728515625 0.0057562937500000005 0.662109375 0.07914903437500001 0.662109375 0.1626152890625 0.673828125 0.22593451718750002 0.703125 0.2950100375 0.7255859375 0.32235243125 0.7451171875 0.325230578125 0.7666015625 0.31083984375 0.771484375 0.3151570640625 0.7587890625 0.3194742828125 0.7548828125 0.3281087234375 0.7431640625 0.3338650171875 0.7119140625 0.36552463125 0.685546875 0.4043796109375 0.66015625 0.456186253125 0.646484375 0.5166273328125001 0.646484375 0.588581 0.666015625 0.6778035484375 0.6962890625 0.7310492625 0.7177734375 0.7540744359375 0.7294921875 0.7598307296875 0.7548828125 0.7655870218749999 0.8232421875 0.7655870218749999 0.8837890625 0.77997775625 0.9091796875 0.8001247828125001 0.958984375 0.798685709375 1 0.79005126875 1 0.248959690625 0.978515625 0.2432033953125 0.98828125 0.23456895625000002 1 0.182762315625 1 0.0992960609375 0.984375 0.0100735140625 0.9736328125 0 0.6845703125 0