16 0.56953125 0.2171875 0.09140625 0.425
16 0.621875 0.32421875 0.11015625 0.4125
16 0.7015625 0.4953125 0.1203125 0.6453125
16 0.55390625 0.72109375 0.1484375 0.51796875
16 0.4578125 0.71171875 0.13828125 0.46796875
16 0.46015625 0.31640625 0.11640625 0.37265625
16 0.5046875 0.21640625 0.08984375 0.3078125
16 0.35390625 0.6328125 0.11796875 0.4
16 0.2734375 0.49296875 0.18359375 0.23515625
16 0.27734375 0.69140625 0.175 0.32265625
16 0.09375 0.6328125 0.1875 0.303125
16 0.08125 0.8078125 0.1625 0.196875
16 0.15546875 0.42109375 0.1515625 0.22265625
16 0.21015625 0.32734375 0.1796875 0.18515625
16 0.29765625 0.37421875 0.125 0.22265625
16 0.365625 0.28515625 0.1453125 0.2546875
16 0.36796875 0.15390625 0.1203125 0.16796875
16 0.2671875 0.19765625 0.1515625 0.1953125
16 0.1375 0.15625 0.1546875 0.17265625
16 0.09609375 0.48125 0.19140625 0.2421875
16 0.21171875 0.08359375 0.153125 0.1671875
16 0.340625 0.075 0.1453125 0.15
16 0.46796875 0.1109375 0.103125 0.19765625
16 0.07578125 0.24140625 0.1515625 0.2625
16 0.0796875 0.9234375 0.146875 0.153125
16 0.246875 0.87109375 0.103125 0.25703125
16 0.8203125 0.2765625 0.2703125 0.47265625
16 0.8125 0.71640625 0.375 0.51796875
16 0.9328125 0.2296875 0.134375 0.453125