16 0.74765625 0.15625 0.1875 0.26875
16 0.82265625 0.584375 0.1375 0.43125
16 0.49140625 0.4125 0.1375 0.43125
16 0.740625 0.7578125 0.13984375 0.409375
16 0.65078125 0.903125 0.15234375 0.19375
16 0.87421875 0.909375 0.15234375 0.18125
16 0.43359375 0.2890625 0.24140625 0.278125
16 0.20390625 0.175 0.21640625 0.35
16 0.259375 0.253125 0.14765625 0.31875
16 0.22421875 0.425 0.11484375 0.33125
16 0.34609375 0.5109375 0.1125 0.365625
16 0.26015625 0.61875 0.1 0.28125
16 0.34140625 0.8046875 0.2875 0.153125
16 0.534375 0.896875 0.12265625 0.18125
16 0.10546875 0.734375 0.20625 0.2875