16 0.56796875 0.54296875 0.17265625 0.1296875
16 0.403125 0.40546875 0.16875 0.13125
16 0.38203125 0.66015625 0.2078125 0.1359375
16 0.7171875 0.68984375 0.175 0.1359375
16 0.665625 0.40234375 0.13359375 0.1125
16 0.80625 0.55703125 0.17265625 0.1296875
16 0.153125 0.4546875 0.1828125 0.115625
16 0.13984375 0.53515625 0.23046875 0.1140625
16 0.1953125 0.37265625 0.1890625 0.1125
16 0.60078125 0.2828125 0.1359375 0.109375
16 0.4859375 0.703125 0.17265625 0.125
16 0.2625 0.778125 0.1953125 0.1484375
16 0.63984375 0.83671875 0.23046875 0.1390625
16 0.71328125 0.29609375 0.1421875 0.1328125
16 0.903125 0.403125 0.19375 0.11328125
16 0.9359375 0.603125 0.12734375 0.1265625
16 0.7796875 0.81484375 0.271875 0.17890625