51 0.5546188359374999 0.859375 0.5487060546875 0.8623046875 0.5534362796875001 0.8662109375 0.5546188359374999 0.859375
51 0.9708786015624999 0.734375 0.9980773921875 0.7080078125 1 0.5869140625 0.9957122796875 0.5732421875 0.97679138125 0.5478515625 0.9543228140625001 0.52734375 0.9377670296874999 0.517578125 0.8762741093749999 0.486328125 0.8431625374999999 0.478515625 0.8005905156249999 0.478515625 0.7651138296875 0.484375 0.74146270625 0.4921875 0.703620909375 0.51953125 0.6870651249999999 0.52734375 0.6645965578124999 0.5458984375 0.643310546875 0.5712890625 0.6220245359375001 0.6142578125 0.6149292 0.6435546875 0.6149292 0.6669921875 0.6220245359375001 0.6904296875 0.6314849859375 0.7060546875 0.6693267828125 0.7490234375 0.6988906859374999 0.7734375 0.7509231562500001 0.794921875 0.784034728125 0.798828125 0.8490753171875 0.7978515625 0.8762741093749999 0.794921875 0.9117507937499999 0.779296875 0.9590530390625001 0.740234375 0.9708786015624999 0.734375
51 0.8502578734374999 0.478515625 0.867996215625 0.4638671875 0.8916473390625 0.4306640625 0.9011077875 0.3935546875 0.8987426749999999 0.3642578125 0.8821868890625 0.3232421875 0.8538055421875 0.2919921875 0.8147811890625001 0.263671875 0.7627487187499999 0.248046875 0.6776046765625 0.24609375 0.6468582140625 0.251953125 0.6232070921874999 0.26171875 0.5818176265624999 0.2919921875 0.567626953125 0.3134765625 0.560531615625 0.3349609375 0.5558013921875 0.3837890625 0.567626953125 0.4228515625 0.5865478515625 0.4443359375 0.6255722046875001 0.478515625 0.6752395625000001 0.5 0.6988906859374999 0.505859375 0.718994140625 0.5048828125 0.7509231562500001 0.486328125 0.779304503125 0.48046875 0.8100509640625001 0.4765625 0.8502578734374999 0.478515625
51 0.6835174562499999 0.2431640625 0.6977081296875001 0.2138671875 0.7024383546874999 0.1669921875 0.6953430171874999 0.1455078125 0.67405700625 0.1064453125 0.6492233281249999 0.0859375 0.61611175625 0.07421875 0.59009551875 0.0703125 0.514411925 0.0703125 0.48130035312499997 0.08203125 0.41152954062499997 0.1240234375 0.3902435296875 0.1552734375 0.38787841875 0.2021484375 0.39497375468749996 0.2197265625 0.41152954062499997 0.2412109375 0.4410934453125 0.263671875 0.46001434375 0.2734375 0.48130035312499997 0.27734375 0.502586365625 0.2890625 0.51914215 0.29296875 0.574722290625 0.2919921875 0.5806350703125001 0.291015625 0.5995559687500001 0.275390625 0.632667540625 0.255859375 0.6835174562499999 0.2431640625
51 0.643310546875 0.0380859375 0.6421279906249999 0.03515625 0.636215209375 0.0361328125 0.6373977656250001 0.0390625 0.643310546875 0.0380859375
51 0.1383590703125 0 0.118255615625 0.0283203125 0.108795165625 0.0615234375 0.108795165625 0.0927734375 0.113525390625 0.1103515625 0.122985840625 0.1259765625 0.14545440625 0.14453125 0.19039154062500002 0.162109375 0.2140426640625 0.16796875 0.271987915625 0.1689453125 0.3110122671875 0.162109375 0.334663390625 0.154296875 0.3488540640625 0.146484375 0.37368774375 0.1220703125 0.38551330625 0.0966796875 0.38551330625 0.0654296875 0.37605285624999996 0.0302734375 0.36186218281250004 0.0048828125 0.3559494015625 0 0.1383590703125 0
51 0.2566146859375 0.3515625 0.30391693124999997 0.33984375 0.33939361562500003 0.33984375 0.3559494015625 0.34375 0.37723541250000003 0.353515625 0.412712096875 0.3828125 0.423355103125 0.3837890625 0.423355103125 0.3388671875 0.4044342046875 0.3076171875 0.38787841875 0.2880859375 0.344123840625 0.248046875 0.32047271718750003 0.236328125 0.2897262578125 0.2265625 0.261344909375 0.23046875 0.2424240109375 0.234375 0.2140426640625 0.24609375 0.1513671875 0.2861328125 0.1348114015625 0.3095703125 0.1300811765625 0.3466796875 0.1466369625 0.4013671875 0.1560974125 0.4150390625 0.16910552968749998 0.42578125 0.1773834234375 0.4267578125 0.179748534375 0.4130859375 0.191574096875 0.3935546875 0.21877288906249998 0.3671875 0.2566146859375 0.3515625
51 0.28263092031250003 0.427734375 0.30391693124999997 0.423828125 0.351219178125 0.423828125 0.3866958609375 0.427734375 0.40798187343750003 0.435546875 0.4410934453125 0.458984375 0.43991088906250003 0.4404296875 0.4316329953125 0.4375 0.410346984375 0.419921875 0.3630447390625 0.3984375 0.334663390625 0.392578125 0.2779006953125 0.390625 0.2566146859375 0.400390625 0.225868225 0.421875 0.186843871875 0.4599609375 0.179748534375 0.4833984375 0.179748534375 0.4990234375 0.184478759375 0.5146484375 0.189208984375 0.5224609375 0.193939209375 0.5224609375 0.2033996578125 0.4912109375 0.23178100625 0.4560546875 0.258979796875 0.4375 0.28263092031250003 0.427734375
51 0.4635620125 0.4775390625 0.4316329953125 0.451171875 0.4032516484375 0.43359375 0.3866958609375 0.427734375 0.30864715625 0.423828125 0.29209136875 0.42578125 0.26371002187500003 0.435546875 0.2471542359375 0.4453125 0.21995544374999998 0.4697265625 0.20103454531249998 0.4951171875 0.191574096875 0.5185546875 0.192756653125 0.556640625 0.2128601078125 0.5341796875 0.23059845 0.521484375 0.2566146859375 0.51171875 0.29918670625 0.51171875 0.346488953125 0.517578125 0.39852142343749997 0.533203125 0.44582367031250003 0.552734375 0.482482909375 0.5791015625 0.48721313437499997 0.5712890625 0.48721313437499997 0.5244140625 0.4706573484375 0.4873046875 0.4635620125 0.4775390625
51 0.4635620125 0.6982421875 0.482482909375 0.6689453125 0.494308471875 0.6279296875 0.491943359375 0.6064453125 0.4801177984375 0.5810546875 0.45764923125 0.560546875 0.3914260859375 0.53125 0.3322982796875 0.515625 0.2873611453125 0.51171875 0.2566146859375 0.513671875 0.2329635625 0.521484375 0.191574096875 0.5615234375 0.1750183109375 0.6005859375 0.1702880859375 0.6259765625 0.1702880859375 0.6552734375 0.186843871875 0.6904296875 0.2329635625 0.732421875 0.28499603281249997 0.763671875 0.32402038593750004 0.7626953125 0.3866958609375 0.751953125 0.419807434375 0.73828125 0.4375457765625 0.7255859375 0.4635620125 0.6982421875
51 0.1560974125 0.2802734375 0.2329635625 0.236328125 0.2873611453125 0.2265625 0.2802658078125 0.21875 0.23532867343750002 0.205078125 0.19039154062500002 0.203125 0.1596450796875 0.208984375 0.15018463124999998 0.21484375 0.1218032828125 0.22265625 0.10169982968749999 0.2353515625 0.08514404375 0.2568359375 0.07568359375 0.2783203125 0.07095336875 0.3291015625 0.0792312625 0.349609375 0.0863266 0.349609375 0.10051727343750001 0.359375 0.1218032828125 0.3671875 0.1348114015625 0.3662109375 0.1300811765625 0.3505859375 0.1324462890625 0.3134765625 0.1371765140625 0.3017578125 0.1560974125 0.2802734375