47 0.4150390625 0.3613281234375 0.3886718765625 0.3798828125 0.3828125 0.4072265625 0.4042968765625 0.4306640625 0.4326171875 0.4296875 0.45703125 0.4033203125 0.45703125 0.3798828125 0.4462890625 0.3671875 0.4150390625 0.3613281234375
47 0.2353515625 0.2792968765625 0.2167968765625 0.3037109375 0.22265625 0.3271484375 0.2441406234375 0.3388671875 0.2646484375 0.3359375 0.28515625 0.3076171875 0.28125 0.2880859375 0.2646484375 0.2734375 0.2353515625 0.2792968765625
47 0.3564453125 0.265625 0.3359375 0.2802734375 0.3339843765625 0.3037109375 0.3574218765625 0.3251953125 0.3798828125 0.32421875 0.3984375 0.3095703125 0.4042968765625 0.2861328125 0.3955078125 0.2734375 0.3564453125 0.265625
47 0.4521484375 0.2949218765625 0.43359375 0.3056640625 0.4277343765625 0.3388671875 0.4511718765625 0.3583984375 0.4716796875 0.359375 0.49609375 0.3408203125 0.5 0.3154296875 0.4931640625 0.3046875 0.4521484375 0.2949218765625
47 0.5771484375 0.3125 0.5566406234375 0.3349609375 0.5605468765625 0.3603515625 0.578125 0.3740234375 0.6005859375 0.3730468765625 0.6230468765625 0.3486328125 0.6191406234375 0.3251953125 0.6044921875 0.3125 0.5771484375 0.3125
47 0.5498046875 0.2519531234375 0.52734375 0.2744140625 0.5371093765625 0.3037109375 0.5625 0.3115234375 0.5888671875 0.30859375 0.6074218765625 0.2880859375 0.60546875 0.2685546875 0.5771484375 0.25 0.5498046875 0.2519531234375
47 0.6962890625 0.26953125 0.67578125 0.2802734375 0.6699218765625 0.3037109375 0.6875 0.3291015625 0.7099609375 0.3300781234375 0.7363281234375 0.3095703125 0.7402343765625 0.2919921875 0.7294921875 0.2753906234375 0.6962890625 0.26953125
47 0.2705078125 0.2246093765625 0.2578125 0.2431640625 0.26171875 0.2685546875 0.28125 0.2841796875 0.3056640625 0.2792968765625 0.32421875 0.2568359375 0.3203125 0.2294921875 0.3037109375 0.21875 0.2705078125 0.2246093765625
47 0.13671875 0.2177734375 0.13671875 0.2392578125 0.1552734375 0.2558593765625 0.17578125 0.2587890625 0.1923828125 0.2558593765625 0.2089843765625 0.2392578125 0.2089843765625 0.2177734375 0.1865234375 0.2011718765625 0.1513671875 0.2011718765625 0.13671875 0.2177734375
47 0.0302734375 0.1503906234375 0.0078125 0.1630859375 0.0058593765625 0.1845703125 0.0253906234375 0.2041015625 0.0458984375 0.203125 0.06445312343750001 0.1884765625 0.06835937656249999 0.1708984375 0.0556640625 0.1542968765625 0.0302734375 0.1503906234375
47 0.7783203125 0.20703125 0.76171875 0.2216796875 0.7597656234375 0.2431640625 0.78125 0.2646484375 0.8017578125 0.265625 0.828125 0.2451171875 0.83203125 0.2275390625 0.8173828125 0.2089843765625 0.7783203125 0.20703125
47 0.6513671875 0.2246093765625 0.6347656234375 0.2412109375 0.63671875 0.2666015625 0.6542968765625 0.2822265625 0.6767578125 0.2792968765625 0.6933593765625 0.2626953125 0.6953125 0.2451171875 0.6748046875 0.2246093765625 0.6513671875 0.2246093765625
47 0 0.1513671875 0.015625 0.1513671875 0.0058593765625 0.1669921875 0.0058593765625 0.1865234375 0.0185546875 0.203125 0.0517578125 0.2011718765625 0.0732421875 0.1640625 0.1025390625 0.15625 0.10742187656249999 0.1611328125 0.09570312343750001 0.1748046875 0.09765625 0.2099609375 0.1103515625 0.21875 0.1357421875 0.21875 0.140625 0.2451171875 0.1552734375 0.2558593765625 0.1845703125 0.2578125 0.1982421875 0.2480468765625 0.203125 0.2158203125 0.1875 0.2001953125 0.2177734375 0.1972656234375 0.25 0.2138671875 0.2519531234375 0.2275390625 0.2636718765625 0.2333984375 0.2636718765625 0.2685546875 0.2841796875 0.28515625 0.3076171875 0.2792968765625 0.3251953125 0.25 0.3603515625 0.234375 0.4072265625 0.2324218765625 0.4199218765625 0.2373046875 0.4228515625 0.2480468765625 0.4541015625 0.25 0.4677734375 0.2792968765625 0.5244140625 0.2792968765625 0.5332031234375 0.3017578125 0.5537109375 0.3125 0.5908203125 0.3105468765625 0.60546875 0.2919921875 0.609375 0.2685546875 0.6298828125 0.2519531234375 0.625 0.2607421875 0.6386718765625 0.2685546875 0.6416015625 0.28125 0.6699218765625 0.2919921875 0.6777343765625 0.3212890625 0.6894531234375 0.3291015625 0.7158203125 0.3261718765625 0.73828125 0.2958984375 0.7255859375 0.2734375 0.6933593765625 0.2646484375 0.6962890625 0.25 0.7236328125 0.2363281234375 0.7587890625 0.234375 0.7685546875 0.2636718765625 0.8076171875 0.265625 0.8574218765625 0.2060546875 0.8623046875 0.1875 0.9052734375 0.1953125 0.9521484375 0.21484375 1 0.1806640625 0.9990234375 0 0 0.0009765625 0 0.1513671875