35 0.49375 0.47265625 0.15859375 0.2296875
35 0.365625 0.54296875 0.14609375 0.2125
35 0.50859375 0.61484375 0.16015625 0.24296875
35 0.6171875 0.56953125 0.1296875 0.2578125
35 0.73828125 0.51640625 0.15546875 0.221875
35 0.2703125 0.43203125 0.1546875 0.203125
35 0.23359375 0.6765625 0.14453125 0.2578125
35 0.3734375 0.75 0.2 0.18984375
35 0.415625 0.1578125 0.2984375 0.2546875
35 0.56015625 0.26875 0.17578125 0.25234375
35 0.76875 0.32734375 0.1609375 0.1875
35 0.9171875 0.37890625 0.153125 0.2640625
35 0.7375 0.70859375 0.19609375 0.253125
35 0.928125 0.77265625 0.14375 0.23125
35 0.74453125 0.88125 0.15546875 0.23671875
35 0.30390625 0.88515625 0.18984375 0.22890625
35 0.14140625 0.284375 0.1921875 0.2578125
35 0.13828125 0.578125 0.2 0.22421875