7 0.1328125 0.68515625 0.21640625 0.31484375
7 0.6296875 0.61015625 0.16953125 0.24453125
7 0.7671875 0.703125 0.190625 0.3125
7 0.60390625 0.1078125 0.153125 0.21484375
7 0.55859375 0.32578125 0.17265625 0.290625
7 0.84609375 0.49296875 0.1890625 0.33671875
7 0.6859375 0.42109375 0.18046875 0.28046875
7 0.9078125 0.2609375 0.184375 0.29765625
7 0.7515625 0.2 0.1890625 0.26875
7 0.934375 0.09609375 0.13125 0.1921875
7 0.80859375 0.06015625 0.17265625 0.11953125
8 0.27890625 0.07109375 0.09296875 0.09765625