22 0.6302083328125 0.3505859375 0.600260415625 0.3300781234375 0.569010415625 0.3222656234375 0.524739584375 0.3261718765625 0.47265625 0.3496093765625 0.4375 0.4013671875 0.4375 0.4326171875 0.453125 0.4599609375 0.49609375 0.484375 0.54427083125 0.4853515625 0.602864584375 0.4667968765625 0.6458333328125 0.4130859375 0.6458333328125 0.3798828125 0.6302083328125 0.3505859375
22 0.5416666671875 0.2783203125 0.5208333328125 0.2490234375 0.47265625 0.2285156234375 0.44401041562500004 0.2324218765625 0.40234375 0.25390625 0.3697916671875 0.3056640625 0.3697916671875 0.3369140625 0.3828125015625 0.3603515625 0.42838541562500004 0.3847656234375 0.4427083328125 0.3837890625 0.47786458437499996 0.3457031234375 0.54296875 0.3203125 0.546875 0.3115234375 0.5416666671875 0.2783203125
22 0.50390625 0.4863281234375 0.5455729171875 0.4863281234375 0.5950520828125 0.4707031234375 0.6197916671875 0.4521484375 0.64322916875 0.4189453125 0.6458333328125 0.3837890625 0.6302083328125 0.3505859375 0.6106770828125 0.3359375 0.555989584375 0.3222656234375 0.51171875 0.3300781234375 0.46875 0.3525390625 0.4388020828125 0.3964843765625 0.4075520828125 0.3730468765625 0.368489584375 0.3613281234375 0.3294270828125 0.3652343765625 0.3020833328125 0.3857421875 0.2760416671875 0.4287109375 0.283854165625 0.4794921875 0.3268229171875 0.5214843765625 0.3828125015625 0.5302734375 0.41276041562500004 0.5253906234375 0.45052083125 0.4990234375 0.46223958437499996 0.46875 0.50390625 0.4863281234375
22 0.622395834375 0.5576171875 0.61197916875 0.5361328125 0.5768229171875 0.5058593765625 0.537760415625 0.4902343765625 0.506510415625 0.4902343765625 0.453125 0.5146484375 0.4270833328125 0.5517578125 0.42447916875 0.5908203125 0.4453125015625 0.6279296875 0.48046875 0.6503906234375 0.5546874984375 0.6552734375 0.584635415625 0.64453125 0.60677083125 0.6240234375 0.622395834375 0.5947265625 0.622395834375 0.5576171875
22 0.7200520828125 0.5761718765625 0.678385415625 0.578125 0.64453125 0.5917968765625 0.596354165625 0.6435546875 0.5989583328125 0.6923828125 0.61197916875 0.7119140625 0.649739584375 0.7324218765625 0.70572916875 0.7353515625 0.765625 0.7080078125 0.7916666671875 0.6494140625 0.76822916875 0.5966796875 0.7200520828125 0.5761718765625
22 0.78125 0.3896484375 0.756510415625 0.37109375 0.72265625 0.3613281234375 0.6510416671875 0.3740234375 0.640625 0.4287109375 0.60677083125 0.4658203125 0.61197916875 0.4853515625 0.63671875 0.51171875 0.67578125 0.5234375 0.703125 0.5224609375 0.765625 0.4931640625 0.79947916875 0.4443359375 0.79947916875 0.4208984375 0.78125 0.3896484375
22 0.962239584375 0.3496093765625 0.92578125 0.3339843765625 0.852864584375 0.3417968765625 0.8229166671874999 0.3642578125 0.8046874984375 0.3955078125 0.815104165625 0.4560546875 0.84765625 0.4785156234375 0.8984374984375 0.4892578125 0.959635415625 0.46875 0.9921874984375 0.4208984375 0.9817708312500001 0.3701171875 0.962239584375 0.3496093765625
22 0.90625 0.2607421875 0.8736979171874999 0.2265625 0.837239584375 0.2109375 0.79296875 0.2089843765625 0.759114584375 0.2167968765625 0.734375 0.2353515625 0.752604165625 0.2744140625 0.7447916671875 0.3271484375 0.7981770828125 0.359375 0.8203125015625 0.3623046875 0.85546875 0.33984375 0.912760415625 0.33203125 0.921875 0.2939453125 0.90625 0.2607421875
22 0.752604165625 0.2783203125 0.7447916671875 0.2568359375 0.7174479171875 0.2324218765625 0.680989584375 0.2167968765625 0.64453125 0.2167968765625 0.6106770828125 0.2246093765625 0.58072916875 0.2451171875 0.5677083328125 0.2626953125 0.5625 0.2978515625 0.571614584375 0.3203125 0.6080729171875 0.33203125 0.6393229171875 0.3613281234375 0.66927083125 0.3642578125 0.69921875 0.359375 0.7291666671875 0.3408203125 0.75 0.3076171875 0.752604165625 0.2783203125
22 0.328125 0.3642578125 0.30078125 0.33203125 0.243489584375 0.328125 0.16927083125 0.3701171875 0.1484374984375 0.4052734375 0.1458333328125 0.4462890625 0.1614583328125 0.4697265625 0.1822916671875 0.4814453125 0.20442708281250002 0.4746093765625 0.28125 0.4775390625 0.2760416671875 0.4228515625 0.328125 0.3642578125
22 0.4375 0.4384765625 0.43489583437499996 0.3916015625 0.381510415625 0.36328125 0.350260415625 0.3613281234375 0.32421875 0.3691406234375 0.29947916874999997 0.3896484375 0.278645834375 0.4208984375 0.2760416671875 0.4560546875 0.2916666671875 0.4912109375 0.3268229171875 0.5214843765625 0.3828125015625 0.5302734375 0.41276041562500004 0.5253906234375 0.4388020828125 0.5078125 0.4635416671875 0.4736328125 0.4375 0.4384765625
22 0.3229166671875 0.5283203125 0.274739584375 0.484375 0.23828125 0.4746093765625 0.19401041562500002 0.4785156234375 0.15885416562500002 0.4970703125 0.14322916875 0.5205078125 0.140625 0.5537109375 0.1510416671875 0.5830078125 0.20182291718749998 0.6269531234375 0.24869791718749998 0.6425781234375 0.2734374984375 0.6416015625 0.303385415625 0.6328125 0.3333333328125 0.5986328125 0.3359374984375 0.5673828125 0.3229166671875 0.5283203125