3 0.1515625 0.36953125 0.13671875 0.234375
3 0.2609375 0.23046875 0.1328125 0.2109375
3 0.41484375 0.30546875 0.1609375 0.2484375
3 0.60078125 0.4125 0.14140625 0.33984375
3 0.6140625 0.175 0.0703125 0.228125
3 0.82421875 0.3578125 0.13203125 0.334375
3 0.834375 0.6671875 0.11171875 0.33671875
3 0.6734375 0.7296875 0.1140625 0.4125
3 0.4171875 0.59375 0.1359375 0.27890625
3 0.30234375 0.715625 0.08828125 0.190625
3 0.18125 0.53671875 0.10859375 0.2171875
3 0.19140625 0.73984375 0.08671875 0.2734375