31 0.2488888890625 0.282222221875 0.477777778125 0.24 0.5688888890625 0.21555555625 0.637777778125 0.1933333328125 0.597777778125 0.16444444375 0.5133333328125 0.15555555625 0.3711111109375 0.15111111093750001 0.197777778125 0.2 0.1266666671875 0.2488888890625 0.1533333328125 0.297777778125 0.2488888890625 0.282222221875
31 0.5009765625 0.330078125 0.5771484375 0.3125 0.6513671875 0.275390625 0.6826171875 0.263671875 0.7119140625 0.263671875 0.712890625 0.2607421875 0.6865234375 0.234375 0.6806640625 0.234375 0.6650390625 0.24609375 0.6513671875 0.248046875 0.4560546875 0.2421875 0.3935546875 0.251953125 0.3193359375 0.27734375 0.2900390625 0.296875 0.2802734375 0.296875 0.2470703125 0.310546875 0.20703125 0.3466796875 0.18359375 0.3857421875 0.19140625 0.4013671875 0.2041015625 0.41015625 0.25 0.4111328125 0.2802734375 0.408203125 0.3427734375 0.388671875 0.3974609375 0.37890625 0.5009765625 0.330078125
31 0.4580078125 0.466796875 0.5029296875 0.44921875 0.5439453125 0.42578125 0.6455078125 0.40625 0.7080078125 0.37890625 0.7431640625 0.357421875 0.759765625 0.3388671875 0.76171875 0.3173828125 0.7490234375 0.3046875 0.6650390625 0.302734375 0.6357421875 0.30859375 0.6123046875 0.306640625 0.5751953125 0.318359375 0.5263671875 0.32421875 0.4951171875 0.333984375 0.4580078125 0.3515625 0.4267578125 0.373046875 0.3896484375 0.388671875 0.3349609375 0.439453125 0.2861328125 0.470703125 0.2626953125 0.4765625 0.259765625 0.4794921875 0.271484375 0.5048828125 0.279296875 0.5068359375 0.2900390625 0.49609375 0.3251953125 0.48046875 0.4072265625 0.46875 0.4580078125 0.466796875
31 0.6826171875 0.50390625 0.7548828125 0.484375 0.8388671875 0.439453125 0.85546875 0.4208984375 0.859375 0.3955078125 0.8505859375 0.3828125 0.8330078125 0.373046875 0.8017578125 0.373046875 0.7236328125 0.388671875 0.6396484375 0.412109375 0.6064453125 0.4140625 0.5439453125 0.427734375 0.5146484375 0.447265625 0.4521484375 0.478515625 0.4267578125 0.505859375 0.3798828125 0.5390625 0.3310546875 0.564453125 0.3095703125 0.572265625 0.3056640625 0.5703125 0.30078125 0.5751953125 0.326171875 0.5947265625 0.3720703125 0.57421875 0.4951171875 0.5625 0.5830078125 0.541015625 0.6826171875 0.50390625
31 0.6396484375 0.64453125 0.6650390625 0.64453125 0.7939453125 0.599609375 0.9228515625 0.541015625 0.935546875 0.5224609375 0.935546875 0.4990234375 0.9267578125 0.48828125 0.9169921875 0.484375 0.8662109375 0.48046875 0.8232421875 0.482421875 0.7744140625 0.494140625 0.7607421875 0.48828125 0.7470703125 0.48828125 0.7080078125 0.50390625 0.6787109375 0.5078125 0.6142578125 0.53125 0.5146484375 0.58984375 0.4912109375 0.615234375 0.4404296875 0.654296875 0.3916015625 0.6796875 0.3720703125 0.681640625 0.373046875 0.6904296875 0.388671875 0.7138671875 0.39453125 0.7158203125 0.4130859375 0.697265625 0.4404296875 0.6875 0.6123046875 0.654296875 0.6396484375 0.64453125
56 0.861328125 0.0771484375 0.86328125 0.0478515625 0.859375 0.0361328125 0.8427734375 0.017578125 0.8212890625 0.005859375 0.8076171875 0.001953125 0.7841796875 0.00390625 0.7626953125 0.021484375 0.7490234375 0.01171875 0.7060546875 0.01171875 0.6904296875 0.017578125 0.671875 0.0341796875 0.669921875 0.0498046875 0.673828125 0.0615234375 0.6923828125 0.07421875 0.7216796875 0.080078125 0.7412109375 0.078125 0.7685546875 0.091796875 0.791015625 0.0927734375 0.7998046875 0.091796875 0.8095703125 0.083984375 0.8427734375 0.087890625 0.861328125 0.0771484375
25 0.63671875 0.9306640625 0.6455078125 0.94140625 0.6640625 0.9501953125 0.662109375 0.9169921875 0.6416015625 0.90625 0.63671875 0.9130859375 0.63671875 0.9306640625
25 0.7275390625 0.88671875 0.7099609375 0.87890625 0.6865234375 0.876953125 0.68359375 0.8798828125 0.693359375 0.8935546875 0.703125 0.9228515625 0.705078125 0.9560546875 0.7119140625 0.9609375 0.7265625 0.9619140625 0.7421875 0.9462890625 0.748046875 0.9326171875 0.744140625 0.9072265625 0.7275390625 0.88671875
25 0.87109375 0.8935546875 0.857421875 0.8564453125 0.8427734375 0.841796875 0.8349609375 0.837890625 0.7939453125 0.8359375 0.7783203125 0.837890625 0.7626953125 0.845703125 0.7275390625 0.814453125 0.7158203125 0.814453125 0.6982421875 0.826171875 0.6806640625 0.826171875 0.673828125 0.8330078125 0.6708984375 0.857421875 0.6806640625 0.853515625 0.7099609375 0.853515625 0.7470703125 0.865234375 0.763671875 0.8857421875 0.775390625 0.9111328125 0.779296875 0.9384765625 0.77734375 0.9599609375 0.8037109375 0.970703125 0.822265625 0.9697265625 0.859375 0.9443359375 0.86328125 0.9345703125 0.861328125 0.9150390625 0.87109375 0.8935546875
35 0.7412109375 0.865234375 0.7158203125 0.85546875 0.6826171875 0.853515625 0.6298828125 0.880859375 0.599609375 0.9091796875 0.58984375 0.9306640625 0.587890625 0.9619140625 0.59375 0.9853515625 0.6025390625 1 0.748046875 0.9990234375 0.775390625 0.9580078125 0.77734375 0.9267578125 0.765625 0.8896484375 0.7412109375 0.865234375
16 0.0849609375 0.828125 0.0869140625 0.833984375 0.1044921875 0.828125 0.107421875 0.8154296875 0.0869140625 0.806640625 0.0810546875 0.8203125 0.056640625 0.8076171875 0.0634765625 0.806640625 0.07421875 0.7939453125 0.07421875 0.7822265625 0.0634765625 0.767578125 0.0556640625 0.763671875 0.0166015625 0.763671875 0.0107421875 0.7578125 0.0009765625 0.7578125 0 0.8701171875 0.0224609375 0.865234375 0.0322265625 0.876953125 0.044921875 0.8759765625 0.05859375 0.8701171875 0.060546875 0.8603515625 0.08203125 0.8408203125 0.0849609375 0.828125