31 0.8466666671875 0.297777778125 0.8733333328124999 0.2488888890625 0.802222221875 0.2 0.6288888890625 0.15111111093750001 0.48666666718749996 0.15555555625 0.40222222187499995 0.16444444375 0.36222222187500003 0.1933333328125 0.4311111109375 0.21555555625 0.522222221875 0.24 0.7511111109375 0.282222221875 0.8466666671875 0.297777778125
31 0.6025390625 0.37890625 0.6572265625 0.388671875 0.7197265625 0.408203125 0.75 0.4111328125 0.7958984375 0.41015625 0.80859375 0.4013671875 0.81640625 0.3857421875 0.79296875 0.3466796875 0.7529296875 0.310546875 0.7197265625 0.296875 0.7099609375 0.296875 0.6806640625 0.27734375 0.6064453125 0.251953125 0.5439453125 0.2421875 0.3486328125 0.248046875 0.3349609375 0.24609375 0.3193359375 0.234375 0.3134765625 0.234375 0.287109375 0.2607421875 0.2880859375 0.263671875 0.3173828125 0.263671875 0.3486328125 0.275390625 0.4228515625 0.3125 0.4990234375 0.330078125 0.6025390625 0.37890625
31 0.5927734375 0.46875 0.6748046875 0.48046875 0.7099609375 0.49609375 0.720703125 0.5068359375 0.728515625 0.5048828125 0.740234375 0.4794921875 0.7373046875 0.4765625 0.7138671875 0.470703125 0.6650390625 0.439453125 0.6103515625 0.388671875 0.5732421875 0.373046875 0.5419921875 0.3515625 0.5048828125 0.333984375 0.4736328125 0.32421875 0.4248046875 0.318359375 0.3876953125 0.306640625 0.3642578125 0.30859375 0.3349609375 0.302734375 0.2509765625 0.3046875 0.23828125 0.3173828125 0.240234375 0.3388671875 0.2568359375 0.357421875 0.2919921875 0.37890625 0.3544921875 0.40625 0.4560546875 0.42578125 0.4970703125 0.44921875 0.5419921875 0.466796875 0.5927734375 0.46875
31 0.4169921875 0.541015625 0.5048828125 0.5625 0.6279296875 0.57421875 0.673828125 0.5947265625 0.69921875 0.5751953125 0.6943359375 0.5703125 0.6904296875 0.572265625 0.6689453125 0.564453125 0.6201171875 0.5390625 0.5732421875 0.505859375 0.5478515625 0.478515625 0.4853515625 0.447265625 0.4560546875 0.427734375 0.3935546875 0.4140625 0.3603515625 0.412109375 0.2763671875 0.388671875 0.1982421875 0.373046875 0.1669921875 0.373046875 0.1494140625 0.3828125 0.140625 0.3955078125 0.14453125 0.4208984375 0.1611328125 0.439453125 0.2451171875 0.484375 0.3173828125 0.50390625 0.4169921875 0.541015625
31 0.3876953125 0.654296875 0.5595703125 0.6875 0.5869140625 0.697265625 0.60546875 0.7158203125 0.611328125 0.7138671875 0.626953125 0.6904296875 0.6279296875 0.681640625 0.6083984375 0.6796875 0.5595703125 0.654296875 0.5087890625 0.615234375 0.4853515625 0.58984375 0.3857421875 0.53125 0.3212890625 0.5078125 0.2919921875 0.50390625 0.2529296875 0.48828125 0.2392578125 0.48828125 0.2255859375 0.494140625 0.1767578125 0.482421875 0.1337890625 0.48046875 0.0830078125 0.484375 0.0732421875 0.48828125 0.064453125 0.4990234375 0.064453125 0.5224609375 0.0771484375 0.541015625 0.2060546875 0.599609375 0.3349609375 0.64453125 0.3603515625 0.64453125 0.3876953125 0.654296875
56 0.1572265625 0.087890625 0.1904296875 0.083984375 0.2001953125 0.091796875 0.208984375 0.0927734375 0.2314453125 0.091796875 0.2587890625 0.078125 0.2783203125 0.080078125 0.3076171875 0.07421875 0.326171875 0.0615234375 0.330078125 0.0498046875 0.328125 0.0341796875 0.3095703125 0.017578125 0.2939453125 0.01171875 0.2509765625 0.01171875 0.2373046875 0.021484375 0.2158203125 0.00390625 0.1923828125 0.001953125 0.1787109375 0.005859375 0.1572265625 0.017578125 0.140625 0.0361328125 0.13671875 0.0478515625 0.138671875 0.0771484375 0.1572265625 0.087890625
25 0.36328125 0.9130859375 0.3583984375 0.90625 0.337890625 0.9169921875 0.3359375 0.9501953125 0.3544921875 0.94140625 0.36328125 0.9306640625 0.36328125 0.9130859375
25 0.255859375 0.9072265625 0.251953125 0.9326171875 0.2578125 0.9462890625 0.2734375 0.9619140625 0.2880859375 0.9609375 0.294921875 0.9560546875 0.296875 0.9228515625 0.306640625 0.8935546875 0.31640625 0.8798828125 0.3134765625 0.876953125 0.2900390625 0.87890625 0.2724609375 0.88671875 0.255859375 0.9072265625
25 0.138671875 0.9150390625 0.13671875 0.9345703125 0.140625 0.9443359375 0.177734375 0.9697265625 0.1962890625 0.970703125 0.22265625 0.9599609375 0.220703125 0.9384765625 0.224609375 0.9111328125 0.236328125 0.8857421875 0.2529296875 0.865234375 0.2900390625 0.853515625 0.3193359375 0.853515625 0.3291015625 0.857421875 0.326171875 0.8330078125 0.3193359375 0.826171875 0.3017578125 0.826171875 0.2841796875 0.814453125 0.2724609375 0.814453125 0.2373046875 0.845703125 0.2216796875 0.837890625 0.2060546875 0.8359375 0.1650390625 0.837890625 0.1572265625 0.841796875 0.142578125 0.8564453125 0.12890625 0.8935546875 0.138671875 0.9150390625
35 0.234375 0.8896484375 0.22265625 0.9267578125 0.224609375 0.9580078125 0.251953125 0.9990234375 0.3974609375 1 0.40625 0.9853515625 0.412109375 0.9619140625 0.41015625 0.9306640625 0.400390625 0.9091796875 0.3701171875 0.880859375 0.3173828125 0.853515625 0.2841796875 0.85546875 0.2587890625 0.865234375 0.234375 0.8896484375
16 0.91796875 0.8408203125 0.939453125 0.8603515625 0.94140625 0.8701171875 0.955078125 0.8759765625 0.9677734375 0.876953125 0.9775390625 0.865234375 1 0.8701171875 0.9990234375 0.7578125 0.9892578125 0.7578125 0.9833984375 0.763671875 0.9443359375 0.763671875 0.9365234375 0.767578125 0.92578125 0.7822265625 0.92578125 0.7939453125 0.9365234375 0.806640625 0.943359375 0.8076171875 0.9189453125 0.8203125 0.9130859375 0.806640625 0.892578125 0.8154296875 0.8955078125 0.828125 0.9130859375 0.833984375 0.9150390625 0.828125 0.91796875 0.8408203125