4 0.2734375 0.625 0.13515625 0.10390625
4 0.40078125 0.4390625 0.109375 0.1171875
4 0.3828125 0.79453125 0.11953125 0.11953125
4 0.5609375 0.8265625 0.1328125 0.1015625
4 0.5921875 0.7046875 0.11171875 0.1171875
4 0.115625 0.62265625 0.1171875 0.11484375
4 0.125 0.71484375 0.11953125 0.10703125
4 0.48203125 0.30234375 0.13046875 0.109375
4 0.2953125 0.55234375 0.1171875 0.078125
4 0.1578125 0.87890625 0.12265625 0.1328125
4 0.34609375 0.890625 0.11953125 0.109375
4 0.25234375 0.7734375 0.15625 0.13515625
4 0.7734375 0.615625 0.13046875 0.09609375
4 0.55703125 0.6171875 0.125 0.10390625
4 0.4765625 0.40625 0.10390625 0.09921875
4 0.29296875 0.47890625 0.10703125 0.078125
4 0.6171875 0.2828125 0.109375 0.09140625
4 0.50625 0.94921875 0.10703125 0.1015625
4 0.46640625 0.734375 0.109375 0.11484375
4 0.39609375 0.68984375 0.11484375 0.07265625
4 0.68984375 0.6890625 0.11953125 0.0859375
4 0.73671875 0.54921875 0.14609375 0.13046875
4 0.1734375 0.5234375 0.09609375 0.09921875
4 0.046875 0.58359375 0.08828125 0.11953125
4 0.3765625 0.52578125 0.10703125 0.10390625
4 0.36171875 0.36953125 0.10390625 0.08828125