17 0.40625 0.3974609375 0.41015625 0.4150390625 0.41796875 0.5244140625 0.439453125 0.5498046875 0.4443359375 0.55078125 0.447265625 0.5478515625 0.44921875 0.5341796875 0.4775390625 0.5078125 0.4892578125 0.501953125 0.51171875 0.5048828125 0.509765625 0.4365234375 0.50390625 0.3740234375 0.50390625 0.3056640625 0.4970703125 0.298828125 0.4599609375 0.296875 0.4541015625 0.30078125 0.4462890625 0.296875 0.4326171875 0.296875 0.41796875 0.3017578125 0.41796875 0.3349609375 0.427734375 0.3369140625 0.4169921875 0.33984375 0.41015625 0.3486328125 0.40625 0.3974609375
17 0.58984375 0.5263671875 0.58984375 0.5478515625 0.595703125 0.5810546875 0.607421875 0.6259765625 0.61328125 0.6240234375 0.62109375 0.6044921875 0.6484375 0.5009765625 0.669921875 0.4443359375 0.677734375 0.4130859375 0.685546875 0.4013671875 0.724609375 0.3115234375 0.7216796875 0.302734375 0.6826171875 0.28125 0.6748046875 0.28125 0.669921875 0.2861328125 0.595703125 0.3974609375 0.580078125 0.4150390625 0.568359375 0.4365234375 0.5859375 0.5224609375 0.58984375 0.5263671875
17 0.6171875 0.6201171875 0.619140625 0.6416015625 0.6416015625 0.6640625 0.662109375 0.6767578125 0.6806640625 0.677734375 0.7080078125 0.673828125 0.7314453125 0.66796875 0.744140625 0.6591796875 0.779296875 0.5224609375 0.822265625 0.3798828125 0.830078125 0.3427734375 0.849609375 0.2900390625 0.849609375 0.2841796875 0.8427734375 0.27734375 0.8193359375 0.265625 0.7861328125 0.255859375 0.7490234375 0.259765625 0.744140625 0.2646484375 0.6796875 0.4130859375 0.671875 0.4423828125 0.650390625 0.4970703125 0.6171875 0.6201171875
17 0.8623046875 0.46875 0.875 0.4814453125 0.87109375 0.5068359375 0.876953125 0.5146484375 0.880859375 0.5146484375 0.8984375 0.4912109375 0.986328125 0.3681640625 0.986328125 0.3525390625 0.982421875 0.3466796875 0.958984375 0.3291015625 0.95703125 0.3154296875 0.9521484375 0.310546875 0.9365234375 0.302734375 0.9228515625 0.302734375 0.9140625 0.3095703125 0.83984375 0.4228515625 0.81640625 0.4638671875 0.8193359375 0.466796875 0.8330078125 0.4609375 0.8466796875 0.4609375 0.8623046875 0.46875
17 0.8115234375 0.47265625 0.791015625 0.4912109375 0.75 0.6416015625 0.75 0.6572265625 0.7646484375 0.658203125 0.7783203125 0.654296875 0.8134765625 0.638671875 0.8330078125 0.625 0.8515625 0.6064453125 0.85546875 0.5986328125 0.876953125 0.5185546875 0.869140625 0.5048828125 0.8505859375 0.48828125 0.8330078125 0.48046875 0.818359375 0.4794921875 0.830078125 0.4697265625 0.8291015625 0.466796875 0.8115234375 0.47265625
17 0.3427734375 0.474609375 0.3544921875 0.474609375 0.361328125 0.4814453125 0.373046875 0.5126953125 0.37890625 0.5048828125 0.392578125 0.4521484375 0.396484375 0.4072265625 0.412109375 0.3388671875 0.419921875 0.2724609375 0.4091796875 0.259765625 0.3876953125 0.25 0.3701171875 0.24609375 0.3369140625 0.24609375 0.3271484375 0.25 0.322265625 0.2568359375 0.3125 0.3447265625 0.302734375 0.3916015625 0.302734375 0.4111328125 0.337890625 0.4697265625 0.3427734375 0.474609375
17 0.5205078125 0.595703125 0.5498046875 0.59375 0.5732421875 0.615234375 0.591796875 0.6259765625 0.5947265625 0.626953125 0.595703125 0.6240234375 0.5263671875 0.509765625 0.5087890625 0.5078125 0.4990234375 0.501953125 0.4853515625 0.50390625 0.4580078125 0.525390625 0.44921875 0.5361328125 0.447265625 0.5498046875 0.4765625 0.5888671875 0.5009765625 0.615234375 0.5205078125 0.595703125
17 0.4287109375 0.548828125 0.431640625 0.5439453125 0.4267578125 0.541015625 0.423828125 0.5478515625 0.4287109375 0.548828125
17 0.203125 0.3779296875 0.2109375 0.4228515625 0.224609375 0.4619140625 0.259765625 0.5146484375 0.2685546875 0.515625 0.271484375 0.5087890625 0.2802734375 0.501953125 0.3349609375 0.48046875 0.33984375 0.4775390625 0.33984375 0.4736328125 0.265625 0.3525390625 0.25 0.3291015625 0.2431640625 0.32421875 0.2177734375 0.330078125 0.1982421875 0.341796875 0.1806640625 0.34765625 0.16796875 0.3583984375 0.16796875 0.3642578125 0.1708984375 0.369140625 0.1923828125 0.369140625 0.203125 0.3779296875
17 0.150390625 0.2529296875 0.166015625 0.2939453125 0.166015625 0.3115234375 0.17578125 0.3466796875 0.1806640625 0.34765625 0.2021484375 0.33984375 0.2158203125 0.330078125 0.2451171875 0.32421875 0.24609375 0.3115234375 0.22265625 0.1923828125 0.2197265625 0.189453125 0.2099609375 0.189453125 0.2021484375 0.201171875 0.1923828125 0.20703125 0.18359375 0.2001953125 0.173828125 0.1806640625 0.1611328125 0.166015625 0.1513671875 0.166015625 0.1298828125 0.171875 0.12890625 0.1806640625 0.134765625 0.2080078125 0.1484375 0.2392578125 0.150390625 0.2529296875
17 0.248046875 0.3251953125 0.2646484375 0.349609375 0.2939453125 0.349609375 0.3046875 0.3564453125 0.30859375 0.3544921875 0.310546875 0.3466796875 0.32421875 0.2431640625 0.296875 0.1865234375 0.2919921875 0.181640625 0.2822265625 0.181640625 0.228515625 0.2060546875 0.228515625 0.2138671875 0.232421875 0.2197265625 0.23046875 0.2333984375 0.248046875 0.3251953125
17 0.4873046875 0.16015625 0.4560546875 0.169921875 0.43359375 0.1826171875 0.451171875 0.2373046875 0.4970703125 0.236328125 0.513671875 0.2314453125 0.505859375 0.1962890625 0.494140625 0.1669921875 0.4873046875 0.16015625
17 0.513671875 0.5029296875 0.529296875 0.5107421875 0.5703125 0.5830078125 0.59765625 0.6240234375 0.6015625 0.6240234375 0.6015625 0.6103515625 0.587890625 0.5322265625 0.544921875 0.3349609375 0.541015625 0.2998046875 0.52734375 0.2568359375 0.5107421875 0.232421875 0.4853515625 0.23828125 0.4443359375 0.240234375 0.4296875 0.2509765625 0.431640625 0.2724609375 0.4375 0.2919921875 0.4482421875 0.296875 0.4697265625 0.294921875 0.4814453125 0.298828125 0.5009765625 0.298828125 0.50390625 0.3037109375 0.50390625 0.3642578125 0.513671875 0.5029296875
17 0.337890625 0.5908203125 0.4013671875 0.666015625 0.4365234375 0.673828125 0.48046875 0.6787109375 0.5009765625 0.6796875 0.5078125 0.6591796875 0.5 0.6513671875 0.494140625 0.6357421875 0.455078125 0.5888671875 0.443359375 0.5693359375 0.4091796875 0.53125 0.3876953125 0.53125 0.3720703125 0.5390625 0.349609375 0.5576171875 0.337890625 0.5732421875 0.337890625 0.5908203125
17 0.2431640625 0.60546875 0.2646484375 0.619140625 0.3271484375 0.646484375 0.380859375 0.6611328125 0.3876953125 0.662109375 0.390625 0.6591796875 0.33984375 0.5986328125 0.33203125 0.5830078125 0.310546875 0.5556640625 0.2763671875 0.517578125 0.2705078125 0.517578125 0.2529296875 0.52734375 0.234375 0.5439453125 0.228515625 0.5576171875 0.21875 0.5654296875 0.224609375 0.5849609375 0.23046875 0.5927734375 0.2431640625 0.60546875