17 0.4296875 0.7944926171875 0.42578125 0.73538375625 0.423828125 0.6380279875 0.42578125 0.2764208453125 0.4169921875 0.26077438124999996 0.3916015625 0.257297390625 0.3740234375 0.2642513734375 0.3662109375 0.2746823484375 0.361328125 0.3007597875 0.359375 0.6588899374999999 0.36328125 0.7179987984375 0.361328125 0.770153675 0.365234375 0.7979696078125 0.37109375 0.9752961875 0.3759765625 0.9978966343750001 0.4453125 0.9961581390625 0.44140625 0.89880236875 0.439453125 0.8848944031249999 0.4296875 0.8640324515625 0.4296875 0.7944926171875
17 0.294921875 0.1060482484375 0.2919921875 0.09735576875 0.2802734375 0.09387877812499999 0.2548828125 0.1008327609375 0.24609375 0.11300223281249999 0.240234375 0.3007597875 0.232421875 0.3911615734375 0.203125 0.9787731796875001 0.203125 0.992681146875 0.2060546875 0.9978966343750001 0.265625 0.9961581390625 0.283203125 0.686705871875 0.294921875 0.25555889375 0.29296875 0.2486049109375 0.294921875 0.1060482484375
17 0.359375 0.3216217375 0.353515625 0.1999270265625 0.3515625 0.0747553234375 0.3447265625 0.06606284375 0.3154296875 0.06258585156249999 0.2998046875 0.0695398359375 0.294921875 0.08170930625 0.30078125 0.23469694375 0.298828125 0.5580571765625 0.294921875 0.58239611875 0.2890625 0.731906765625 0.28125 0.818831559375 0.271484375 0.992681146875 0.2744140625 0.9978966343750001 0.33203125 0.9961581390625 0.3515625 0.7075678234375 0.353515625 0.6136890453125 0.357421875 0.5858731109375 0.359375 0.3216217375
17 0.5078125 0.742337740625 0.505859375 0.6554129468750001 0.4970703125 0.6362894921875 0.478515625 0.620643028125 0.486328125 0.436362465625 0.486328125 0.22426596875000002 0.490234375 0.179065075 0.48828125 0.1338641828125 0.48046875 0.099094265625 0.4755859375 0.0904017859375 0.4580078125 0.0904017859375 0.4462890625 0.09735576875 0.44140625 0.1060482484375 0.44140625 0.1442951578125 0.451171875 0.3355297046875 0.453125 0.43288547343749995 0.455078125 0.4607014078125 0.462890625 0.4711323828125 0.458984375 0.55110319375 0.458984375 0.6345509953125 0.46484375 0.7840616421875 0.474609375 0.86750944375 0.474609375 0.9196643203124999 0.47265625 0.9335722875 0.466796875 0.9405262703125 0.466796875 0.9892041546874999 0.4697265625 0.9978966343750001 0.513671875 0.9961581390625 0.509765625 0.8744634265625001 0.51171875 0.86750944375 0.505859375 0.7492917234375 0.5078125 0.742337740625
17 0.515625 0.196450034375 0.5126953125 0.19123454687500002 0.4951171875 0.19123454687500002 0.48828125 0.1999270265625 0.486328125 0.4607014078125 0.478515625 0.620643028125 0.505859375 0.6415049796875001 0.505859375 0.6171660375 0.509765625 0.6032580703125 0.513671875 0.4711323828125 0.515625 0.196450034375
17 0.546875 0.10257125625 0.541015625 0.0295544296875 0.5322265625 0.02086195 0.5205078125 0.02086195 0.5126953125 0.0243389421875 0.5078125 0.033031421875 0.509765625 0.175588084375 0.5146484375 0.1877575546875 0.5302734375 0.1842805625 0.53515625 0.1894960515625 0.5390625 0.272943853125 0.53515625 0.6693209140625 0.5263671875 0.6849673765625 0.521484375 0.686705871875 0.51953125 0.7075678234375 0.5224609375 0.834478021875 0.5234375 0.752768715625 0.52734375 0.7492917234375 0.525390625 0.7840616421875 0.52734375 0.9961581390625 0.56640625 0.9961581390625 0.5625 0.8223085515624999 0.564453125 0.7771076578125 0.5625 0.5928270953125 0.546875 0.10257125625
17 0.591796875 0.5198102671875 0.5908203125 0.5145947796875 0.587890625 0.5163332765625 0.5888671875 0.5215487640625 0.591796875 0.5198102671875
17 0.697265625 0.68322888125 0.673828125 0.3946385640625 0.654296875 0.1999270265625 0.654296875 0.137341175 0.6513671875 0.1321256875 0.6279296875 0.135602678125 0.611328125 0.1547261328125 0.611328125 0.196450034375 0.615234375 0.21383499375 0.619140625 0.2764208453125 0.6328125 0.3946385640625 0.63671875 0.4607014078125 0.642578125 0.4885173421875 0.65234375 0.68322888125 0.67578125 0.9857271640624999 0.6787109375 0.9978966343750001 0.7265625 0.9961581390625 0.728515625 0.9857271640624999 0.72265625 0.905756353125 0.716796875 0.8779404187500001 0.697265625 0.68322888125
17 0.775390625 0.8049235921875001 0.771484375 0.5545801859374999 0.765625 0.55110319375 0.767578125 0.53024124375 0.763671875 0.5267642515625 0.759765625 0.4885173421875 0.7578125 0.436362465625 0.74609375 0.3320527125 0.7421875 0.262512878125 0.736328125 0.24512791875 0.736328125 0.23469694375 0.7275390625 0.22948145625 0.712890625 0.2381739359375 0.712890625 0.2764208453125 0.716796875 0.31466775468749997 0.72265625 0.5267642515625 0.740234375 0.7771076578125 0.7421875 0.8431705015625001 0.7607421875 0.8553399718750001 0.767578125 0.86750944375 0.771484375 0.88837139375 0.7763671875 0.8970638734374999 0.783203125 0.89880236875 0.78515625 0.8918483859374999 0.779296875 0.86750944375 0.779296875 0.8362165171875 0.775390625 0.8049235921875001
17 0.822265625 0.5928270953125 0.818359375 0.5267642515625 0.818359375 0.4433164484375 0.8076171875 0.43114697812499997 0.7919921875 0.42766998593750005 0.787109375 0.43288547343749995 0.787109375 0.6241200203124999 0.79296875 0.9440032625000001 0.8037109375 0.9526957421875 0.82421875 0.9509572453124999 0.828125 0.905756353125 0.828125 0.8536014765625 0.822265625 0.6797518890625 0.822265625 0.5928270953125
17 0.900390625 0.8223085515624999 0.908203125 0.8014466 0.908203125 0.7597226984375001 0.89453125 0.43288547343749995 0.896484375 0.2868518203125 0.88671875 0.2381739359375 0.876953125 0.1547261328125 0.8740234375 0.1495106453125 0.8603515625 0.1495106453125 0.8408203125 0.1599416203125 0.8359375 0.1686341 0.849609375 0.41897750624999996 0.857421875 0.7562457078125 0.865234375 0.8466474937499999 0.8798828125 0.85186298125 0.896484375 0.8779404187500001 0.888671875 0.9509572453124999 0.884765625 0.9648652125 0.884765625 0.9961581390625 0.912109375 0.9961581390625 0.9140625 0.9579112296875 0.91015625 0.86750944375 0.900390625 0.8396935093750001 0.900390625 0.8223085515624999
17 1 0.6171660375 0.986328125 0.5371952265625 0.96875 0.38768458125 0.9658203125 0.38246909375000004 0.9501953125 0.3859460859375 0.9404296875 0.38246909375000004 0.9189453125 0.39290006875 0.916015625 0.39811555625 0.91796875 0.4224544984375 0.931640625 0.4885173421875 0.9609375 0.686705871875 0.978515625 0.770153675 0.98828125 0.8362165171875 0.98828125 0.8536014765625 0.994140625 0.8744634265625001 1 0.8814174109374999 1 0.6171660375
17 1 0.8918483859374999 0.9921875 0.8744634265625001 0.96875 0.7944926171875 0.9599609375 0.778846153125 0.9521484375 0.7753691625 0.9326171875 0.778846153125 0.9287109375 0.7858001375 0.9150390625 0.7927541203125 0.90234375 0.8153545671875 0.900390625 0.8327395265625 0.9453125 0.9509572453124999 0.953125 0.9892041546874999 0.9580078125 0.9978966343750001 0.994140625 0.99963513125 1 0.992681146875 1 0.8918483859374999
17 0.173828125 0.4398394578125 0.1640625 0.22078897656250002 0.1591796875 0.170372596875 0.1376953125 0.1599416203125 0.1083984375 0.1599416203125 0.107421875 0.1929730421875 0.12109375 0.3111907625 0.126953125 0.41202352343750004 0.126953125 0.58239611875 0.12109375 0.73538375625 0.09765625 0.9961581390625 0.15625 0.9961581390625 0.16015625 0.9579112296875 0.162109375 0.8536014765625 0.173828125 0.6345509953125 0.173828125 0.4398394578125
17 0.216796875 0.196450034375 0.2080078125 0.1842805625 0.1787109375 0.17384958749999999 0.1630859375 0.17384958749999999 0.162109375 0.20688100937499998 0.16796875 0.2764208453125 0.17578125 0.4711323828125 0.185546875 0.992681146875 0.1884765625 0.9978966343750001 0.201171875 0.9961581390625 0.21484375 0.763199690625 0.220703125 0.6067350625000001 0.21875 0.20688100937499998 0.216796875 0.196450034375
17 0.1103515625 0.365084134375 0.1025390625 0.3616071421875 0.0830078125 0.365084134375 0.0673828125 0.3616071421875 0.060546875 0.370299621875 0.0615234375 0.375515109375 0.0693359375 0.3685611265625 0.076171875 0.37377661406249996 0.076171875 0.380730596875 0.0673828125 0.3963770609375 0.060546875 0.38420758906249997 0.05859375 0.425931490625 0.0546875 0.770153675 0.0576171875 0.7753691625 0.06640625 0.773630665625 0.1103515625 0.7718921703125 0.11328125 0.763199690625 0.115234375 0.37725360625 0.1103515625 0.365084134375
17 0.05078125 0.6310740046875 0.0390625 0.4885173421875 0.037109375 0.41897750624999996 0.029296875 0.3529146640625 0.0166015625 0.3511761671875 0.009765625 0.3563916546875 0.009765625 0.3911615734375 0.013671875 0.46765539218749996 0.017578125 0.7492917234375 0.029296875 0.9961581390625 0.06640625 0.9961581390625 0.05859375 0.89880236875 0.056640625 0.7875386328125 0.052734375 0.770153675 0.05078125 0.6310740046875