7 0.26640625 0.228125 0.25859375 0.16640625
7 0.51484375 0.215625 0.27890625 0.153125
7 0.75 0.23359375 0.23359375 0.1609375
7 0.26015625 0.35859375 0.24609375 0.15546875
7 0.49765625 0.3640625 0.2625 0.1609375
7 0.75 0.36640625 0.25859375 0.178125
7 0.25859375 0.515625 0.25 0.15859375
7 0.50390625 0.4984375 0.25 0.16953125
7 0.74375 0.51640625 0.24609375 0.15546875
7 0.25859375 0.64140625 0.26640625 0.13359375
7 0.50390625 0.63359375 0.24140625 0.14453125
7 0.74140625 0.64296875 0.25 0.13046875
7 0.73125 0.76640625 0.22890625 0.13359375
7 0.51484375 0.75703125 0.22890625 0.1359375
7 0.26640625 0.75703125 0.25859375 0.1359375