51 0.6738281234375 0.4951171890625 0.6582031234375 0.4619140625 0.6240234359375 0.43359375 0.5322265640625 0.43359375 0.484375 0.4755859375 0.478515625 0.5224609375 0.5136718765625 0.6162109375 0.5419921890625 0.63671875 0.583984375 0.6396484359375 0.6298828109375 0.6171874984375 0.6582031234375 0.5849609375 0.6738281234375 0.5419921890625 0.6738281234375 0.4951171890625
51 0.9355468765625 0.4892578109375 0.9150390625 0.44921875 0.8291015640625 0.41796875 0.7939453125 0.43359375 0.771484375 0.4580078109375 0.7578125015625 0.4912109375 0.7578125015625 0.5341796875 0.7919921890625 0.59375 0.837890625 0.6025390625 0.8759765640625 0.5957031234375 0.912109375 0.5654296875 0.9355468765625 0.5166015640625 0.9355468765625 0.4892578109375
51 0.9072265640625 0.61328125 0.8818359375 0.599609375 0.8408203125 0.603515625 0.8037109375 0.625 0.7734374984375 0.6630859375 0.759765625 0.7041015640625 0.76171875 0.7412109375 0.7802734359375 0.7675781234375 0.8154296875 0.78515625 0.85546875 0.7841796875 0.9208984359375 0.755859375 0.953125 0.7060546875 0.943359375 0.6552734359375 0.9072265640625 0.61328125
51 0.26953125 0.5673828109375 0.28125 0.6416015640625 0.2890625015625 0.6416015640625 0.296875 0.5400390625 0.2529296875 0.5175781234375 0.2236328109375 0.525390625 0.26953125 0.5673828109375
51 0.2880859375 0.650390625 0.2548828109375 0.6386718765625 0.2158203125 0.640625 0.193359375 0.6650390625 0.197265625 0.7060546875 0.2167968765625 0.7333984359375 0.1904296875 0.734375 0.1699218765625 0.7705078109375 0.2021484359375 0.806640625 0.2734374984375 0.8134765640625 0.3056640625 0.802734375 0.337890625 0.7705078109375 0.33984375 0.7041015640625 0.2880859375 0.650390625
51 0.49609375 0.5576171890625 0.48046875 0.5302734359375 0.4482421890625 0.5078125015625 0.4130859375 0.5136718765625 0.3369140625 0.505859375 0.3105468765625 0.5244140625 0.291015625 0.5654296875 0.2988281234375 0.6376953125 0.3447265640625 0.703125 0.3740234359375 0.71484375 0.41015625 0.7138671890625 0.4462890625 0.7011718765625 0.478515625 0.6650390625 0.5 0.6083984359375 0.49609375 0.5576171890625
51 0.224609375 0.4150390625 0.1884765640625 0.37109375 0.1376953125 0.3886718765625 0.1162109375 0.380859375 0.0966796875 0.34765625 0.07910156406249999 0.349609375 0.0517578109375 0.36328125 0.01953125 0.4013671890625 0.01171875 0.4228515640625 0.015625 0.4873046875 0.0576171890625 0.53515625 0.09863281093750001 0.5546874984375 0.130859375 0.5537109375 0.1826171890625 0.53125 0.2050781234375 0.5068359375 0.2265625015625 0.4599609375 0.224609375 0.4150390625
51 0.09472656406249999 0.6953125015625 0.1425781234375 0.7177734359375 0.1542968765625 0.7080078109375 0.1435546875 0.69140625 0.07031250156249999 0.6533203125 0.09472656406249999 0.6953125015625
51 0.1904296875 0.6542968765625 0.2177734359375 0.6386718765625 0.28125 0.6376953125 0.28515625 0.6025390625 0.2734374984375 0.5732421890625 0.2138671890625 0.52734375 0.1923828109375 0.52734375 0.1376953125 0.5546874984375 0.0966796875 0.55859375 0.06445312343750001 0.6103515640625 0.06738281093750001 0.6386718765625 0.17578125 0.6748046875 0.16796875 0.6513671890625 0.1416015640625 0.63671875 0.1708984359375 0.6386718765625 0.1904296875 0.6542968765625
51 0.24609375 0.2255859375 0.1806640625 0.1738281234375 0.12402343593750001 0.16796875 0.08886718906249999 0.1796874984375 0.06445312343750001 0.2333984359375 0.03515625 0.2509765640625 0.03515625 0.2783203125 0.052734375 0.3154296875 0.07910156406249999 0.3417968765625 0.11132812343750001 0.3349609375 0.12109375 0.2490234359375 0.1533203125 0.2109374984375 0.13671875 0.2470703125 0.13671875 0.2978515640625 0.177734375 0.2802734359375 0.181640625 0.2470703125 0.1943359375 0.23046875 0.1953125015625 0.2626953125 0.2109374984375 0.2724609375 0.21875 0.3076171890625 0.20703125 0.3447265640625 0.2167968765625 0.3525390625 0.25390625 0.3271484359375 0.265625 0.2978515640625 0.2636718765625 0.2607421890625 0.24609375 0.2255859375
51 0.375 0.4033203125 0.3671874984375 0.3857421890625 0.3798828109375 0.3925781234375 0.40625 0.3701171890625 0.3837890625 0.34765625 0.2744140625 0.333984375 0.2265625015625 0.3818359375 0.234375 0.4892578109375 0.2568359375 0.51953125 0.2988281234375 0.5341796875 0.3291015640625 0.5078125015625 0.369140625 0.4990234359375 0.3613281234375 0.4541015640625 0.375 0.4033203125