24 0.353125 0.4109375 0.1390625 0.21640625
24 0.51875 0.4390625 0.16328125 0.26640625
24 0.68671875 0.509375 0.140625 0.2640625
24 0.634375 0.6765625 0.128125 0.296875
24 0.45078125 0.71796875 0.13515625 0.2359375
24 0.3890625 0.56796875 0.178125 0.275
24 0.23359375 0.521875 0.178125 0.23359375
24 0.1390625 0.62109375 0.13671875 0.2359375
24 0.23984375 0.7859375 0.16484375 0.2390625
24 0.171875 0.4125 0.1703125 0.25859375
24 0.684375 0.35546875 0.13125 0.228125
24 0.80546875 0.56640625 0.12578125 0.271875
24 0.89609375 0.5859375 0.16328125 0.2609375
24 0.83203125 0.3484375 0.13515625 0.253125
24 0.9046875 0.43203125 0.13125 0.20859375