16 0.8453125 0.3265625 0.090625 0.390625
16 0.7625 0.3328125 0.14296875 0.3625
16 0.88984375 0.4578125 0.16875 0.1578125
16 0.9234375 0.2765625 0.1 0.24921875
16 0.7125 0.64140625 0.1296875 0.2546875
16 0.79296875 0.71796875 0.16875 0.38671875
16 0.89453125 0.71640625 0.2 0.20234375
16 0.45234375 0.63359375 0.1 0.26328125
16 0.4171875 0.5125 0.08671875 0.26328125
16 0.4875 0.421875 0.10546875 0.225
16 0.5671875 0.55390625 0.14296875 0.321875
16 0.3828125 0.58203125 0.18515625 0.3140625
16 0.084375 0.46015625 0.11484375 0.28125
16 0.25390625 0.7375 0.11640625 0.2453125
16 0.21015625 0.82421875 0.0984375 0.2953125
16 0.38359375 0.10234375 0.12421875 0.18046875
16 0.5140625 0.16796875 0.1671875 0.21875
16 0.6375 0.16875 0.14453125 0.31796875
16 0.51953125 0.3109375 0.14609375 0.28984375
16 0.21875 0.334375 0.07578125 0.178125
16 0.07109375 0.3125 0.06875 0.2046875
16 0.08203125 0.74375 0.1296875 0.253125
16 0.2140625 0.8875 0.15234375 0.225
16 0.1546875 0.44609375 0.128125 0.16015625
16 0.0375 0.1921875 0.075 0.315625