3 0.65 0.17890625 0.23515625 0.3109375
3 0.35234375 0.2828125 0.2109375 0.24921875
3 0.140625 0.1890625 0.24609375 0.23203125
3 0.1234375 0.42421875 0.24609375 0.22578125
3 0.11640625 0.678125 0.2109375 0.25234375
3 0.3578125 0.5109375 0.19140625 0.22265625
3 0.51953125 0.44921875 0.2203125 0.28203125
3 0.71875 0.4328125 0.26640625 0.2671875
3 0.87578125 0.26640625 0.2484375 0.2984375
3 0.87890625 0.64296875 0.2 0.2875
3 0.71875 0.68046875 0.2484375 0.32890625
3 0.51171875 0.65703125 0.24453125 0.29921875
3 0.36875 0.721875 0.19140625 0.240625
3 0.17734375 0.88125 0.23515625 0.23671875
3 0.41484375 0.89296875 0.21796875 0.21328125
3 0.57734375 0.88046875 0.19609375 0.22265625
3 0.76640625 0.86484375 0.1859375 0.2703125
3 0.203125 0.090625 0.253125 0.18125
3 0.46640625 0.125 0.20234375 0.22578125