35 0.20390625 0.2640625 0.21328125 0.29296875
35 0.1046875 0.528125 0.17109375 0.240625
35 0.353125 0.5203125 0.1578125 0.26640625
35 0.22109375 0.67421875 0.190625 0.240625
24 0.6296875 0.7484375 0.1734375 0.23515625
24 0.48125 0.79609375 0.16953125 0.19765625
24 0.31640625 0.7734375 0.140625 0.3015625
24 0.4140625 0.72109375 0.146875 0.2265625
24 0.6078125 0.6140625 0.175 0.23515625
24 0.6703125 0.4765625 0.14453125 0.2234375
48 0.75390625 0.25546875 0.48359375 0.4015625
35 0.74609375 0.5546875 0.13515625 0.175
35 0.72265625 0.678125 0.1234375 0.16328125
35 0.85625 0.65078125 0.14296875 0.1609375
35 0.91640625 0.403125 0.15234375 0.18046875
35 0.4625 0.26640625 0.2171875 0.30390625
35 0.75078125 0.353125 0.1140625 0.1890625
35 0.88984375 0.54375 0.121875 0.18046875