51 0.322265625 0.37890625 0.3369140625 0.3958333328125 0.3564453125 0.4114583328125 0.380859375 0.4205729171875 0.4111328125 0.421875 0.4140625 0.4075520828125 0.4228515625 0.3958333328125 0.4482421875 0.3958333328125 0.5009765625 0.3671875 0.515625 0.3502604171875 0.5234375 0.33203125 0.53125 0.28515625 0.525390625 0.21223958281250002 0.4921875 0.12890625 0.4658203125 0.09114583281250001 0.4501953125 0.078125 0.439453125 0.08463541718749999 0.42578125 0.11328125 0.423828125 0.1263020828125 0.4091796875 0.140625 0.3857421875 0.1458333328125 0.3623046875 0.1614583328125 0.3486328125 0.1614583328125 0.3056640625 0.1223958328125 0.298828125 0.1315104171875 0.2890625 0.1627604171875 0.28515625 0.19921875 0.2998046875 0.20572916718749998 0.3232421875 0.22916666718749998 0.3828125 0.31640625 0.37890625 0.33203125 0.3701171875 0.3385416671875 0.3544921875 0.3385416671875 0.3427734375 0.3307291671875 0.3173828125 0.3385416671875 0.3095703125 0.3359375 0.306640625 0.33984375 0.30859375 0.3528645828125 0.322265625 0.37890625
51 0.416015625 0.9049479171874999 0.431640625 0.9361979171874999 0.4501953125 0.9609375 0.48046875 0.98046875 0.5185546875 0.9791666671874999 0.55859375 0.94921875 0.533203125 0.9075520828125001 0.5380859375 0.9036458328125001 0.5576171875 0.921875 0.5703125 0.92578125 0.568359375 0.87109375 0.5732421875 0.8515625 0.58203125 0.89453125 0.6025390625 0.9244791671874999 0.62109375 0.8971354171874999 0.611328125 0.78515625 0.60546875 0.7591145828125 0.5966796875 0.7447916671875 0.5849609375 0.7473958328125 0.5517578125 0.7708333328125 0.5302734375 0.7890625 0.5224609375 0.8020833328125001 0.5166015625 0.8020833328125001 0.50390625 0.7799479171875 0.5068359375 0.7734375 0.5205078125 0.7708333328125 0.5634765625 0.7395833328125 0.58984375 0.71484375 0.59375 0.6940104171875 0.5556640625 0.6640625 0.5439453125 0.6614583328125 0.5390625 0.66796875 0.5390625 0.6809895828125 0.546875 0.6940104171875 0.548828125 0.7096354171875 0.544921875 0.7252604171875 0.5341796875 0.7395833328125 0.5146484375 0.7447916671875 0.4951171875 0.7578125 0.4775390625 0.7578125 0.4609375 0.7434895828125 0.44921875 0.71484375 0.4365234375 0.703125 0.412109375 0.7356770828125 0.3984375 0.7825520828125 0.396484375 0.83984375 0.416015625 0.9049479171874999
51 0.6318359375 0.6197916671875 0.6171875 0.6236979171875 0.6201171875 0.6328125 0.650390625 0.6393229171875 0.6640625 0.63671875 0.6552734375 0.6276041671875 0.6318359375 0.6197916671875
51 0.7880859375 0.5989583328125 0.7578125 0.62890625 0.748046875 0.65234375 0.75 0.6627604171875 0.7568359375 0.6614583328125 0.7734375 0.6419270828125 0.78515625 0.6184895828125 0.7880859375 0.5989583328125
51 0.7373046875 0.4036458328125 0.7294921875 0.4036458328125 0.712890625 0.4388020828125 0.7109375 0.4596354171875 0.7236328125 0.4583333328125 0.7392578125 0.4453125 0.751953125 0.42578125 0.751953125 0.4153645828125 0.7373046875 0.4036458328125
51 0.5751953125 0.5807291671875 0.5615234375 0.5885416671875 0.548828125 0.6080729171875 0.5625 0.6341145828125 0.5830078125 0.6354166671875 0.591796875 0.62890625 0.583984375 0.59765625 0.5751953125 0.5807291671875
51 0.5537109375 0.4505208328125 0.544921875 0.47265625 0.5390625 0.51953125 0.54296875 0.5716145828125 0.556640625 0.55859375 0.564453125 0.5377604171875 0.5625 0.4778645828125 0.5537109375 0.4505208328125
51 0.6337890625 0.4895833328125 0.5908203125 0.46875 0.59375 0.5377604171875 0.609375 0.58203125 0.6162109375 0.5833333328125 0.642578125 0.5481770828125 0.65234375 0.51953125 0.6337890625 0.4895833328125
51 0.6494140625 0.4296875 0.642578125 0.4361979171875 0.6533203125 0.4557291671875 0.66015625 0.4596354171875 0.6708984375 0.4609375 0.67578125 0.4544270828125 0.681640625 0.43359375 0.705078125 0.39453125 0.7001953125 0.3854166671875 0.6669921875 0.375 0.6416015625 0.375 0.6103515625 0.3828125 0.583984375 0.40234375 0.58984375 0.4309895828125 0.6201171875 0.4583333328125 0.626953125 0.45703125 0.626953125 0.4388020828125 0.6396484375 0.4192708328125 0.6689453125 0.421875 0.6689453125 0.4270833328125 0.6494140625 0.4296875
51 0.646484375 0.5924479171875 0.6552734375 0.6015625 0.6982421875 0.6119791671875 0.712890625 0.63671875 0.7177734375 0.6380208328125 0.7431640625 0.6067708328125 0.7939453125 0.5755208328125 0.796875 0.5690104171875 0.783203125 0.4908854171875 0.7666015625 0.4427083328125 0.751953125 0.4830729171875 0.73046875 0.5169270828125 0.744140625 0.5403645828125 0.744140625 0.5559895828125 0.740234375 0.5716145828125 0.7294921875 0.5859375 0.7158203125 0.5885416671875 0.6884765625 0.5651041671875 0.6767578125 0.5651041671875 0.646484375 0.5924479171875
51 0.669921875 0.94140625 0.6748046875 0.9479166671874999 0.7216796875 0.9557291671874999 0.7578125 0.9752604171874999 0.7783203125 0.9765625 0.8056640625 0.9609375 0.833984375 0.9231770828125001 0.857421875 0.83984375 0.857421875 0.7825520828125 0.849609375 0.7486979171875 0.8359375 0.7174479171875 0.8154296875 0.6953125 0.7626953125 0.6953125 0.7412109375 0.7239583328125 0.7177734375 0.7291666671875 0.6826171875 0.7265625 0.6708984375 0.71875 0.6552734375 0.6875 0.640625 0.70703125 0.625 0.7434895828125 0.638671875 0.8606770828125001 0.64453125 0.8736979171874999 0.64453125 0.9049479171874999 0.6494140625 0.9140625 0.65625 0.9127604171874999 0.6689453125 0.8697916671874999 0.671875 0.8736979171874999 0.669921875 0.94140625