59 0.677734375 0.69140625 0.677734375 0.6315104171875 0.658203125 0.51171875 0.6328125 0.4596354171875 0.5986328125 0.4244791671875 0.5673828125 0.4140625 0.5322265625 0.4140625 0.4873046875 0.4557291671875 0.4736328125 0.4765625 0.4541015625 0.46875 0.4306640625 0.4713541671875 0.4189453125 0.4791666671875 0.404296875 0.4986979171875 0.392578125 0.5325520828125 0.39453125 0.60546875 0.419921875 0.67578125 0.447265625 0.7278645828125 0.4658203125 0.7526041671875 0.5009765625 0.7838541671875 0.5263671875 0.7994791671875 0.5439453125 0.8046875 0.58203125 0.8033854171874999 0.6064453125 0.7994791671875 0.6298828125 0.7838541671875 0.671875 0.7200520828125 0.677734375 0.69140625
59 0.40625 0.64453125 0.396484375 0.6158854171875 0.3916015625 0.609375 0.3623046875 0.6041666671875 0.3515625 0.58984375 0.345703125 0.5611979171875 0.32421875 0.5403645828125 0.3203125 0.5169270828125 0.3115234375 0.5104166671875 0.2978515625 0.515625 0.2919921875 0.4973958328125 0.2705078125 0.5052083328125 0.2626953125 0.5234375 0.2451171875 0.5338541671875 0.2158203125 0.5104166671875 0.2080078125 0.5130208328125 0.19921875 0.5403645828125 0.197265625 0.59765625 0.201171875 0.6341145828125 0.212890625 0.6653645828125 0.2548828125 0.7109375 0.3134765625 0.7317708328125 0.3369140625 0.75 0.35546875 0.7513020828125 0.3818359375 0.7369791671875 0.396484375 0.7096354171875 0.40625 0.6549479171875 0.40625 0.64453125
59 0.0107421875 0 0.005859375 0.009114582812499999 0.00390625 0.04296875 0.009765625 0.08463541718749999 0.0390625 0.1497395828125 0.091796875 0.23307291718749998 0.1259765625 0.265625 0.1806640625 0.265625 0.2001953125 0.2786458328125 0.2109375 0.2799479171875 0.2294921875 0.2682291671875 0.255859375 0.22526041718749998 0.255859375 0.21223958281250002 0.2421875 0.1966145828125 0.23828125 0.18359375 0.23828125 0.1471354171875 0.25 0.1002604171875 0.26171875 0.07942708281250001 0.2890625 0.0481770828125 0.2890625 0.00390625 0.2861328125 0 0.0107421875 0
59 0.4189453125 0.22135416718749998 0.42578125 0.21484375 0.4375 0.16796875 0.443359375 0.09505208281250001 0.4296875 0.03515625 0.4091796875 0.0052083328125 0.3896484375 0.0052083328125 0.3818359375 0.03125 0.3486328125 0.03125 0.3076171875 0.0416666671875 0.2783203125 0.0625 0.25 0.1028645828125 0.240234375 0.1419270828125 0.2421875 0.19140625 0.2587890625 0.2109375 0.3017578125 0.21614583281250002 0.3134765625 0.234375 0.31640625 0.23307291718749998 0.3447265625 0.21875 0.3720703125 0.22135416718749998 0.4013671875 0.21614583281250002 0.4189453125 0.22135416718749998
59 0.173828125 0.4986979171875 0.181640625 0.48828125 0.189453125 0.4622395828125 0.189453125 0.4440104171875 0.17578125 0.4205729171875 0.177734375 0.40234375 0.166015625 0.39453125 0.1845703125 0.3854166671875 0.1884765625 0.3776041671875 0.2001953125 0.3802083328125 0.21875 0.36328125 0.224609375 0.3502604171875 0.224609375 0.33984375 0.220703125 0.3190104171875 0.212890625 0.3033854171875 0.216796875 0.30078125 0.216796875 0.29296875 0.1826171875 0.2708333328125 0.1279296875 0.2682291671875 0.0908203125 0.23697916718749998 0.0517578125 0.23958333281250002 0.0009765625 0.23177083281250002 0 0.55078125 0.0498046875 0.5651041671875 0.1015625 0.5690104171875 0.1298828125 0.5598958328125 0.1533203125 0.5416666671875 0.1640625 0.52734375 0.173828125 0.4986979171875
59 0.443359375 0.4049479171875 0.439453125 0.33984375 0.419921875 0.2669270828125 0.3916015625 0.23177083281250002 0.3603515625 0.22135416718749998 0.3427734375 0.22135416718749998 0.3251953125 0.22916666718749998 0.2861328125 0.2604166671875 0.2509765625 0.2604166671875 0.2421875 0.2721354171875 0.236328125 0.2903645828125 0.236328125 0.3216145828125 0.244140625 0.3372395828125 0.23828125 0.35546875 0.240234375 0.3736979171875 0.2470703125 0.3776041671875 0.2841796875 0.375 0.27734375 0.39453125 0.28125 0.4153645828125 0.3056640625 0.4401041671875 0.3369140625 0.4895833328125 0.3525390625 0.5052083328125 0.36328125 0.5065104171875 0.3818359375 0.5 0.4189453125 0.4739583328125 0.439453125 0.4309895828125 0.443359375 0.4049479171875
59 0.7578125 0.4075520828125 0.755859375 0.3841145828125 0.763671875 0.2903645828125 0.7294921875 0.2630208328125 0.6884765625 0.2526041671875 0.6611328125 0.2630208328125 0.6416015625 0.28125 0.619140625 0.3138020828125 0.6015625 0.3763020828125 0.6015625 0.4153645828125 0.60546875 0.42578125 0.6181640625 0.4375 0.6572265625 0.4947916671875 0.6884765625 0.5104166671875 0.7060546875 0.5078125 0.7109375 0.51171875 0.7138671875 0.4973958328125 0.7529296875 0.484375 0.7734375 0.4674479171875 0.7578125 0.4075520828125
59 0.80859375 0.3294270828125 0.7900390625 0.3020833328125 0.7666015625 0.2786458328125 0.755859375 0.3580729171875 0.759765625 0.4153645828125 0.775390625 0.47265625 0.794921875 0.5169270828125 0.8115234375 0.5390625 0.8193359375 0.5442708328125 0.83203125 0.54296875 0.841796875 0.5013020828125 0.841796875 0.44140625 0.818359375 0.3919270828125 0.80859375 0.3294270828125
59 0.7734375 0.5794270828125 0.7685546875 0.5677083328125 0.7548828125 0.5572916671875 0.7392578125 0.5546875 0.7138671875 0.5625 0.716796875 0.5377604171875 0.7138671875 0.5416666671875 0.7099609375 0.5338541671875 0.6884765625 0.5546875 0.67578125 0.5794270828125 0.673828125 0.6028645828125 0.6796875 0.63671875 0.6796875 0.6705729171875 0.6962890625 0.6901041671875 0.7099609375 0.6979166671875 0.736328125 0.69921875 0.7509765625 0.6901041671875 0.767578125 0.6575520828125 0.7734375 0.6184895828125 0.7734375 0.5794270828125
59 0.896484375 0.5455729171875 0.8876953125 0.5286458328125 0.884765625 0.5403645828125 0.8720703125 0.5494791671875 0.8525390625 0.5442708328125 0.8056640625 0.546875 0.7783203125 0.5546875 0.771484375 0.5611979171875 0.77734375 0.62109375 0.7822265625 0.6276041671875 0.84375 0.6341145828125 0.8740234375 0.625 0.890625 0.60546875 0.89453125 0.5950520828125 0.896484375 0.5455729171875
59 0.7724609375 0.4739583328125 0.74609375 0.4934895828125 0.736328125 0.51953125 0.736328125 0.5325520828125 0.7490234375 0.5520833328125 0.77734375 0.5533854171875 0.8076171875 0.546875 0.8125 0.5403645828125 0.80078125 0.52734375 0.7724609375 0.4739583328125
59 0.9150390625 0.5546875 0.9599609375 0.5520833328125 0.9873046875 0.5442708328125 1 0.53515625 0.9990234375 0.25 0.9677734375 0.25 0.9130859375 0.2682291671875 0.8447265625 0.3151041671875 0.830078125 0.3346354171875 0.818359375 0.3606770828125 0.818359375 0.3893229171875 0.83984375 0.4309895828125 0.84375 0.4674479171875 0.8623046875 0.4765625 0.869140625 0.4856770828125 0.8984375 0.5403645828125 0.912109375 0.55078125 0.908203125 0.55859375 0.9140625 0.5690104171875 0.9150390625 0.5625 0.9296875 0.5611979171875 0.9287109375 0.5572916671875 0.9150390625 0.5546875
59 1 0.83203125 0.99609375 0.8111979171874999 0.998046875 0.79296875 0.990234375 0.7591145828125 0.970703125 0.7200520828125 0.951171875 0.69921875 0.947265625 0.68359375 0.9287109375 0.65625 0.9130859375 0.6458333328125 0.8837890625 0.6458333328125 0.8603515625 0.6536458328125 0.8486328125 0.6588541671875 0.8369140625 0.6744791671875 0.8212890625 0.6796875 0.7978515625 0.6666666671875 0.7841796875 0.6666666671875 0.7783203125 0.671875 0.771484375 0.6809895828125 0.765625 0.7018229171875 0.751953125 0.7200520828125 0.75 0.73828125 0.787109375 0.83984375 0.82421875 0.8997395828125001 0.8701171875 0.9479166671874999 0.9052734375 0.9557291671874999 0.908203125 0.9596354171874999 0.90625 0.9700520828125001 0.9150390625 0.9791666671874999 0.9345703125 0.9869791671874999 0.974609375 0.9856770828125001 1 0.9752604171874999 1 0.83203125
59 0.767578125 0.8919270828125001 0.755859375 0.8580729171874999 0.755859375 0.8268229171874999 0.7421875 0.7981770828125 0.7109375 0.7591145828125 0.70703125 0.7408854171875 0.70703125 0.69921875 0.6962890625 0.6927083328125 0.689453125 0.7486979171875 0.6865234375 0.7526041671875 0.6572265625 0.75 0.6396484375 0.78125 0.6162109375 0.796875 0.609375 0.8111979171874999 0.576171875 0.8528645828125001 0.5703125 0.87109375 0.568359375 0.90234375 0.572265625 0.98046875 0.5849609375 0.9973958328125001 0.744140625 0.99609375 0.75390625 0.9830729171874999 0.76171875 0.95703125 0.767578125 0.9231770828125001 0.767578125 0.8919270828125001
59 0.298828125 0.89453125 0.314453125 0.8450520828125001 0.314453125 0.78515625 0.298828125 0.7356770828125 0.2919921875 0.7265625 0.2451171875 0.7057291671875 0.2275390625 0.6822916671875 0.1806640625 0.6588541671875 0.1669921875 0.6588541671875 0.1533203125 0.6640625 0.1259765625 0.6901041671875 0.09765625 0.7330729171875 0.08984375 0.7565104171875 0.08984375 0.7721354171875 0.083984375 0.77734375 0.08203125 0.84765625 0.091796875 0.85546875 0.0859375 0.8606770828125001 0.0859375 0.87109375 0.095703125 0.90234375 0.1240234375 0.9479166671874999 0.1533203125 0.96875 0.1787109375 0.9713541671874999 0.1884765625 0.9661458328125001 0.201171875 0.97265625 0.2236328125 0.9635416671874999 0.2490234375 0.9375 0.2841796875 0.9166666671874999 0.298828125 0.89453125
59 0.6533203125 0 0.640625 0.0299479171875 0.62890625 0.07421875 0.626953125 0.1263020828125 0.634765625 0.1705729171875 0.66015625 0.22786458281250002 0.6787109375 0.2526041671875 0.7021484375 0.2526041671875 0.7421875 0.2643229171875 0.748046875 0.2591145828125 0.755859375 0.22265625 0.7685546875 0.21614583281250002 0.779296875 0.20182291718749998 0.79296875 0.1575520828125 0.79296875 0.12890625 0.7890625 0.1158854171875 0.79296875 0.06380208281250001 0.783203125 0.0403645828125 0.779296875 0.006510417187500001 0.7744140625 0 0.6533203125 0
59 1 0.0013020828125 0.8720703125 0 0.86328125 0.01171875 0.85546875 0.03515625 0.8515625 0.06901041718749999 0.859375 0.11328125 0.876953125 0.1471354171875 0.876953125 0.1653645828125 0.87109375 0.1783854171875 0.873046875 0.1861979171875 0.8974609375 0.1796875 0.9208984375 0.1979166671875 0.9658203125 0.1953125 1 0.20182291718749998 1 0.0013020828125
59 0.5947265625 0.20833333281250002 0.6025390625 0.21614583281250002 0.6328125 0.1809895828125 0.6328125 0.16015625 0.626953125 0.13671875 0.626953125 0.07161458281250001 0.6083984375 0.05208333281250001 0.5869140625 0.0390625 0.5556640625 0.0338541671875 0.5439453125 0.0416666671875 0.5361328125 0.05989583281250001 0.5009765625 0.07552083281250001 0.484375 0.10546875 0.46875 0.1236979171875 0.455078125 0.16015625 0.453125 0.18359375 0.4453125 0.19140625 0.44140625 0.20442708281250002 0.44140625 0.23046875 0.4580078125 0.25 0.466796875 0.24869791718749998 0.5107421875 0.23697916718749998 0.5576171875 0.23958333281250002 0.5830078125 0.2109375 0.5947265625 0.20833333281250002