11 0.0546875 0.6109375 0.109375 0.77734375
11 0.1515625 0.6 0.14140625 0.8
11 0.2171875 0.60390625 0.1359375 0.7921875
11 0.275 0.5625 0.1265625 0.66484375
11 0.35703125 0.51015625 0.09296875 0.58984375
11 0.384375 0.5234375 0.134375 0.5921875
11 0.49453125 0.50390625 0.06328125 0.5625
11 0.55625 0.46640625 0.09609375 0.50234375
11 0.6015625 0.46640625 0.07109375 0.4421875
11 0.6359375 0.45234375 0.0765625 0.4453125
11 0.665625 0.44140625 0.05 0.3921875
11 0.70546875 0.44375 0.06640625 0.37265625
11 0.72890625 0.43984375 0.053125 0.3546875
11 0.765625 0.40390625 0.05625 0.2375
11 0.80546875 0.40234375 0.08671875 0.21015625