32 0.5984375 0.1140625 0.09609375 0.14765625
32 0.6515625 0.05625 0.06953125 0.1125
32 0.703125 0.059375 0.08046875 0.11875
32 0.17421875 0.125 0.0734375 0.1125
32 0.1046875 0.059375 0.06171875 0.10859375
32 0.090625 0.16015625 0.08125 0.15234375
32 0.13984375 0.234375 0.09453125 0.17109375
32 0.21640625 0.1796875 0.0734375 0.16953125
32 0.39140625 0.3140625 0.07578125 0.14609375
32 0.31796875 0.33046875 0.08671875 0.10546875
32 0.34296875 0.23359375 0.09140625 0.10859375
32 0.45625 0.3 0.06953125 0.14375
32 0.51015625 0.40703125 0.078125 0.1140625
32 0.44921875 0.41171875 0.06796875 0.1203125
32 0.4015625 0.49375 0.096875 0.07734375
32 0.46328125 0.51484375 0.06953125 0.1359375
32 0.52265625 0.5203125 0.08671875 0.1125
32 0.4671875 0.5953125 0.08125 0.121875
32 0.54296875 0.63046875 0.08828125 0.115625
32 0.51796875 0.73515625 0.0734375 0.17421875
32 0.4421875 0.7046875 0.07578125 0.13046875
32 0.396875 0.65078125 0.07265625 0.115625
32 0.14140625 0.534375 0.0890625 0.15078125
32 0.0984375 0.39609375 0.0578125 0.115625
32 0.15859375 0.3859375 0.08515625 0.15234375