24 0.490625 0.51796875 0.16328125 0.35859375
24 0.38125 0.540625 0.19609375 0.303125
24 0.725 0.45 0.13515625 0.2609375
24 0.896875 0.55859375 0.17578125 0.28359375
24 0.64921875 0.834375 0.171875 0.33046875
24 0.153125 0.56796875 0.21640625 0.38046875
24 0.18984375 0.1140625 0.1984375 0.228125
24 0.36171875 0.1109375 0.271875 0.221875
24 0.54921875 0.18359375 0.20546875 0.34453125
24 0.240625 0.74453125 0.18515625 0.35
24 0.48671875 0.76796875 0.25546875 0.25859375
24 0.78515625 0.8625 0.15546875 0.2140625
24 0.746875 0.65703125 0.26484375 0.29140625
24 0.865625 0.21796875 0.21640625 0.2859375
24 0.31484375 0.2609375 0.27421875 0.26640625