35 0.384375 0.115625 0.10234375 0.140625
35 0.30625 0.1015625 0.0875 0.12421875
35 0.159375 0.2203125 0.10546875 0.1375
35 0.31875 0.21875 0.075 0.1046875
35 0.47421875 0.3328125 0.1140625 0.18359375
35 0.603125 0.22578125 0.09140625 0.16640625
35 0.38203125 0.30078125 0.0953125 0.1140625
35 0.28046875 0.3140625 0.0953125 0.14609375
35 0.18828125 0.3484375 0.109375 0.14921875
35 0.3921875 0.42890625 0.07578125 0.11328125
35 0.51953125 0.4578125 0.10703125 0.146875
35 0.32578125 0.4203125 0.10859375 0.13671875
35 0.365625 0.53203125 0.0921875 0.12109375
35 0.446875 0.5296875 0.07421875 0.12421875
35 0.5234375 0.57109375 0.09921875 0.10859375
35 0.5875 0.7421875 0.11796875 0.17265625
35 0.48828125 0.7859375 0.09140625 0.12578125
35 0.3890625 0.73046875 0.1171875 0.17890625
35 0.30546875 0.71640625 0.109375 0.19296875
35 0.21015625 0.6328125 0.08671875 0.12578125
35 0.28359375 0.54375 0.07734375 0.15703125
35 0.19921875 0.55625 0.11875 0.14921875
35 0.4546875 0.6546875 0.08359375 0.134375
35 0.71640625 0.36171875 0.11171875 0.1546875
35 0.775 0.25234375 0.115625 0.15078125
35 0.71875 0.58046875 0.10390625 0.1421875
35 0.6375 0.49296875 0.09921875 0.11015625
35 0.69296875 0.68125 0.109375 0.18515625
35 0.4265625 0.43359375 0.30078125 0.44140625