47 0.451171875 0.4691618046875 0.451171875 0.45739599062499997 0.4609375 0.4426887234375 0.46875 0.345620765625 0.451171875 0.3338549515625 0.451171875 0.31326477656249996 0.4462890625 0.30591114531249997 0.4052734375 0.30591114531249997 0.3955078125 0.285320971875 0.3857421875 0.28237951875 0.373046875 0.2956160578125 0.3759765625 0.3176769578125 0.3681640625 0.32355986406250004 0.3525390625 0.3176769578125 0.3388671875 0.3294427703125 0.3271484375 0.3147355046875 0.3173828125 0.3176769578125 0.3095703125 0.33532567812499997 0.2939453125 0.33532567812499997 0.2861328125 0.3559158515625 0.271484375 0.3662109375 0.2685546875 0.38238893125 0.240234375 0.4073912828125 0.2421875 0.43386436406250006 0.232421875 0.451513084375 0.232421875 0.46622035000000006 0.2421875 0.48386906874999996 0.2421875 0.5044592437500001 0.25 0.5221079640624999 0.2783203125 0.5559346765625001 0.2939453125 0.5559346765625001 0.3076171875 0.5677004890624999 0.33203125 0.5662297625 0.3525390625 0.5618175828124999 0.3876953125 0.53828595625 0.4384765625 0.48828125 0.451171875 0.4691618046875
47 0.7919921875 0.6853586218750001 0.8154296875 0.6618269953125 0.8369140625 0.6530026359375001 0.83984375 0.6485904546875 0.8369140625 0.6382953687499999 0.8779296875 0.635353915625 0.884765625 0.6221173765625 0.884765625 0.6074101078125 0.8759765625 0.5941735687499999 0.8681640625 0.5941735687499999 0.8564453125 0.6118222890625 0.849609375 0.59858575 0.849609375 0.5809370296874999 0.8408203125 0.5677004890624999 0.828125 0.57211266875 0.8251953125 0.5941735687499999 0.7998046875 0.5941735687499999 0.7880859375 0.5882906625000001 0.7783203125 0.6029979296875 0.7548828125 0.6147637421875001 0.7392578125 0.591232115625 0.7294921875 0.5882906625000001 0.7197265625 0.5941735687499999 0.7099609375 0.585349209375 0.6904296875 0.591232115625 0.6826171875 0.57652485 0.6689453125 0.5706419421875 0.6416015625 0.6059393828124999 0.5966796875 0.6147637421875001 0.5908203125 0.629471009375 0.5869140625 0.623588103125 0.5634765625 0.6265295562500001 0.5498046875 0.6118222890625 0.5322265625 0.6206466484375001 0.5185546875 0.6177051953125 0.5107421875 0.6029979296875 0.4931640625 0.597115021875 0.4638671875 0.5677004890624999 0.4482421875 0.5588761296875 0.4365234375 0.5677004890624999 0.4248046875 0.5618175828124999 0.4091796875 0.5735833953125 0.4033203125 0.5882906625000001 0.39453125 0.5927028437499999 0.3935546875 0.6059393828124999 0.3857421875 0.5941735687499999 0.3720703125 0.5941735687499999 0.3603515625 0.6059393828124999 0.3564453125 0.6000564765624999 0.3212890625 0.6000564765624999 0.3134765625 0.6059393828124999 0.3037109375 0.5941735687499999 0.2724609375 0.579466303125 0.2587890625 0.5588761296875 0.2412109375 0.5441688625000001 0.2373046875 0.5500517703125001 0.232421875 0.5279908703125 0.2236328125 0.5176957828125001 0.2119140625 0.5176957828125001 0.2021484375 0.5294615968749999 0.1845703125 0.5147543296875 0.177734375 0.5279908703125 0.1845703125 0.541227409375 0.203125 0.5426981359374999 0.197265625 0.5632883109375 0.203125 0.58387848125 0.208984375 0.5897613890625 0.2119140625 0.6118222890625 0.2216796875 0.6206466484375001 0.2314453125 0.6206466484375001 0.2529296875 0.6559440890625 0.2763671875 0.6647684484374999 0.2841796875 0.6765342624999999 0.3408203125 0.68241716875 0.3759765625 0.7000658890625 0.3916015625 0.7000658890625 0.3916015625 0.7118317015625 0.4091796875 0.7206560625 0.4697265625 0.732421875 0.4970703125 0.7441876875 0.5283203125 0.7412462343749999 0.5419921875 0.7471291421874999 0.61328125 0.7485998671874999 0.6259765625 0.73830478125 0.7060546875 0.72653896875 0.7490234375 0.7118317015625 0.7919921875 0.6853586218750001
47 0.7529296875 0.7883094875000001 0.7392578125 0.791250940625 0.73046875 0.807428934375 0.7353515625 0.82654838125 0.748046875 0.8309605609374999 0.7568359375 0.82654838125 0.76171875 0.8162532953125 0.76171875 0.8015460265625001 0.7529296875 0.7883094875000001
47 0.3564453125 0.8500800078124999 0.3515625 0.8633165484375 0.35546875 0.88096526875 0.3623046875 0.8883189 0.375 0.8868481750000001 0.3828125 0.87214090625 0.380859375 0.8515507343750001 0.3740234375 0.8441971015625 0.3564453125 0.8500800078124999
47 0.4130859375 0.791250940625 0.40625 0.8015460265625001 0.40625 0.8162532953125 0.4150390625 0.8294898343750001 0.423828125 0.8309605609374999 0.435546875 0.8221362015624999 0.4375 0.807428934375 0.4267578125 0.791250940625 0.4130859375 0.791250940625
47 0.4423828125 0.77066076875 0.431640625 0.7838973078125 0.431640625 0.7956631203125 0.4423828125 0.8118411140624999 0.453125 0.8103703890625 0.462890625 0.7986045749999999 0.462890625 0.7868387625000001 0.4580078125 0.776543675 0.4423828125 0.77066076875
47 0.36328125 0.7574242296875 0.361328125 0.77213149375 0.3720703125 0.7883094875000001 0.3828125 0.7868387625000001 0.390625 0.7750729484375001 0.390625 0.7603656812499999 0.3720703125 0.7471291421874999 0.36328125 0.7574242296875
47 0.3076171875 0.7441876875 0.298828125 0.7574242296875 0.298828125 0.7691900421875 0.3056640625 0.78242658125 0.31640625 0.7838973078125 0.326171875 0.77213149375 0.328125 0.7603656812499999 0.3232421875 0.7471291421874999 0.3076171875 0.7441876875
47 0.2978515625 0.72653896875 0.2880859375 0.72653896875 0.27734375 0.739775509375 0.275390625 0.751541321875 0.2861328125 0.77066076875 0.298828125 0.7691900421875 0.298828125 0.7574242296875 0.306640625 0.745658415625 0.306640625 0.7368340546875001 0.2978515625 0.72653896875
47 0.2333984375 0.73830478125 0.2236328125 0.7412462343749999 0.21484375 0.7574242296875 0.21875 0.7750729484375001 0.23046875 0.7838973078125 0.2412109375 0.7794851281249999 0.248046875 0.7662485875 0.24609375 0.751541321875 0.2333984375 0.73830478125
47 0.1572265625 0.78242658125 0.1484375 0.7927216687499999 0.146484375 0.807428934375 0.1572265625 0.82654838125 0.16796875 0.825077653125 0.17578125 0.8162532953125 0.177734375 0.7956631203125 0.1689453125 0.78242658125 0.1572265625 0.78242658125
47 0.0439453125 0.7030073421874999 0.03515625 0.719185334375 0.037109375 0.7309511468750001 0.0458984375 0.7412462343749999 0.056640625 0.739775509375 0.064453125 0.7280096953124999 0.0625 0.7103609765625001 0.0576171875 0.7030073421874999 0.0439453125 0.7030073421874999
47 0.1025390625 0.6471197296875 0.095703125 0.6544733609375 0.09375 0.6721220812500001 0.1025390625 0.6853586218750001 0.111328125 0.6838878953124999 0.1171875 0.6750635359375 0.119140625 0.66035626875 0.1142578125 0.6500611828125 0.1025390625 0.6471197296875
47 0.1220703125 0.5882906625000001 0.1171875 0.59858575 0.119140625 0.6162344703125 0.1240234375 0.623588103125 0.13671875 0.6221173765625 0.142578125 0.6132930156249999 0.142578125 0.5956442953125001 0.1337890625 0.585349209375 0.1220703125 0.5882906625000001
47 0.1806640625 0.635353915625 0.169921875 0.6485904546875 0.169921875 0.66035626875 0.1787109375 0.6765342624999999 0.19140625 0.6750635359375 0.201171875 0.6574148156249999 0.19921875 0.6485904546875 0.1884765625 0.635353915625 0.1806640625 0.635353915625
47 0.1787109375 0.69418298125 0.173828125 0.7074195203125 0.1826171875 0.72653896875 0.19140625 0.7280096953124999 0.19921875 0.7221267890624999 0.201171875 0.7015366140625 0.1865234375 0.688300075 0.1787109375 0.69418298125
47 0.2138671875 0.6588855421875001 0.205078125 0.6691806296875 0.205078125 0.6838878953124999 0.2119140625 0.6971244359375001 0.22265625 0.6985951625 0.2314453125 0.69418298125 0.236328125 0.6780049874999999 0.2314453125 0.6647684484374999 0.2138671875 0.6588855421875001
47 0.796875 0.5544639484375 0.796875 0.5426981359374999 0.8076171875 0.53828595625 0.8125 0.5221079640624999 0.82421875 0.5074006953125 0.830078125 0.48975197656249997 0.830078125 0.4750447109375 0.841796875 0.463278896875 0.845703125 0.4279814578125 0.85546875 0.41915709687499997 0.861328125 0.37797675000000003 0.8720703125 0.3765060234375 0.888671875 0.3544451234375 0.89453125 0.33679640312500003 0.890625 0.31032332500000004 0.904296875 0.3014989640625 0.90625 0.28385024375 0.916015625 0.26620152343750003 0.916015625 0.251494259375 0.90625 0.2338455390625 0.90625 0.21619681875 0.8974609375 0.2117846390625 0.8876953125 0.191194465625 0.8779296875 0.18825301249999998 0.8701171875 0.16766283906249999 0.8447265625 0.1617799328125 0.8291015625 0.16472138593750002 0.8076171875 0.1588384796875 0.7978515625 0.15001411874999998 0.7841796875 0.15001411874999998 0.7763671875 0.1323653984375 0.7568359375 0.1323653984375 0.7490234375 0.1205995859375 0.7314453125 0.135306853125 0.6767578125 0.1176581328125 0.6611328125 0.1176581328125 0.6513671875 0.12648249218750002 0.6259765625 0.1235410390625 0.6181640625 0.135306853125 0.6064453125 0.135306853125 0.5986328125 0.1441312125 0.5556640625 0.13824830625 0.5458984375 0.155897025 0.5302734375 0.155897025 0.5087890625 0.1794286515625 0.5 0.1926651921875 0.4970703125 0.2088431859375 0.4814453125 0.2147260921875 0.47265625 0.24266989687499999 0.494140625 0.325030590625 0.494140625 0.37209384375 0.50390625 0.38385965624999996 0.51171875 0.425040003125 0.5283203125 0.43827654374999997 0.5439453125 0.43827654374999997 0.5673828125 0.45004235625 0.5927734375 0.47063252968749997 0.6162109375 0.5000470625 0.6240234375 0.497105609375 0.6337890625 0.5147543296875 0.654296875 0.5338737765625 0.6689453125 0.5677004890624999 0.6845703125 0.5706419421875 0.6943359375 0.5824077562500001 0.7099609375 0.579466303125 0.7265625 0.5868199374999999 0.7587890625 0.5824077562500001 0.7724609375 0.5677004890624999 0.7919921875 0.5618175828124999 0.796875 0.5544639484375