53 0 0.045385303125 0.00390625 0.053165640624999996 0.0361328125 0.10373783750000001 0.0751953125 0.142639525 0.1201171875 0.17116743125 0.1552734375 0.1841346609375 0.1826171875 0.189321553125 0.23046875 0.1880248296875 0.2626953125 0.1841346609375 0.2998046875 0.17116743125 0.3525390625 0.1348591890625 0.3955078125 0.093364053125 0.421875 0.0583525328125 0.453125 0.0012967234374999998 0 0.0012967234374999998 0 0.045385303125
53 0.5107421875 0.17116743125 0.4599609375 0.15560675468750002 0.3955078125 0.15560675468750002 0.3466796875 0.17116743125 0.345703125 0.190618275 0.333984375 0.1983986125 0.3359375 0.21136584218749999 0.38671875 0.3410381390625 0.3984375 0.343631584375 0.4482421875 0.339741415625 0.4833984375 0.28268560468750004 0.564453125 0.20877239687500002 0.5107421875 0.17116743125
53 0.83984375 0.42921529999999997 0.8046875 0.366972596875 0.7568359375 0.3112135109375 0.7080078125 0.280092159375 0.6396484375 0.25415770000000004 0.5947265625 0.25415770000000004 0.591796875 0.2787954375 0.603515625 0.3488184765625 0.619140625 0.5199859078125 0.6240234375 0.526469521875 0.798828125 0.540733475 0.8505859375 0.5238760765625 0.86328125 0.514799015625 0.8515625 0.4603366515625 0.83984375 0.42921529999999997
53 0.6435546875 0.2515642546875 0.7392578125 0.2930593890625 0.771484375 0.21136584218749999 0.7353515625 0.19191499843749998 0.6982421875 0.1841346609375 0.6494140625 0.1841346609375 0.5947265625 0.19710188906249998 0.5693359375 0.21006912031249997 0.5224609375 0.2463773625 0.4716796875 0.30083972812500004 0.453125 0.33325780156249996 0.4541015625 0.3423348625 0.4873046875 0.347521753125 0.5458984375 0.3682693203125 0.60546875 0.403280840625 0.59765625 0.3047298953125 0.58984375 0.268421653125 0.5927734375 0.2515642546875 0.6435546875 0.2515642546875
53 0.607421875 0.41365462500000005 0.6005859375 0.4045775625 0.5302734375 0.36308242812499997 0.4794921875 0.347521753125 0.4248046875 0.3423348625 0.3779296875 0.347521753125 0.3271484375 0.36308242812499997 0.3017578125 0.376049659375 0.2734375 0.4058742859375 0.275390625 0.45255631249999995 0.3642578125 0.5368433046875001 0.37109375 0.5251728 0.376953125 0.48367766406249996 0.3955078125 0.4797874953125 0.517578125 0.5459203671874999 0.5439453125 0.5290629671875 0.59765625 0.47071043437500004 0.609375 0.4344021921875 0.607421875 0.41365462500000005
53 0 0.4318087453125 0.0419921875 0.4668202671875 0.0869140625 0.4875678328125 0.1142578125 0.4953481703125 0.15625 0.494051446875 0.1943359375 0.4849743875 0.2255859375 0.4668202671875 0.232421875 0.45774320468749996 0.232421875 0.42143496249999995 0.21875 0.343631584375 0.203125 0.2969495578125 0.177734375 0.24248719375 0.1494140625 0.20228878125 0.1005859375 0.2411904703125 0 0.33844469374999997 0 0.4318087453125
53 0 0.9945865109375 0.0048828125 0.9984766796875 0.15234375 0.9971799562499999 0.2275390625 0.9958832328125 0.23828125 0.9790258359375 0.251953125 0.9323438078124999 0.2578125 0.8908486734375 0.2578125 0.8234190796874999 0.244140625 0.753396040625 0.22265625 0.7067140140625 0.1884765625 0.6587352640625 0.1279296875 0.6120532359374999 0.0576171875 0.5913056703125 0.0029296875 0.593899115625 0 0.597789284375 0 0.9945865109375
53 0.4619140625 0.5160957374999999 0.4111328125 0.4875678328125 0.3818359375 0.4797874953125 0.376953125 0.4888645546875 0.37109375 0.530359690625 0.369140625 0.6055696234375 0.376953125 0.6729992171875 0.392578125 0.7274615812499999 0.41796875 0.797484621875 0.4384765625 0.824715803125 0.4931640625 0.8843650578125001 0.5234375 0.8986290125 0.5390625 0.8726945531249999 0.607421875 0.613349959375 0.5537109375 0.5731515484374999 0.4619140625 0.5160957374999999
53 0.40625 0.7663632687499999 0.373046875 0.6600319859375 0.3671875 0.5485138125 0.3193359375 0.4953481703125 0.3076171875 0.490161278125 0.294921875 0.5199859078125 0.28515625 0.5692613796875 0.279296875 0.6315040828125 0.279296875 0.6963402296875 0.298828125 0.7922977296875 0.31640625 0.8415732 0.3271484375 0.8610240453125 0.333984375 0.8623207671875001 0.3427734375 0.8584305999999999 0.3916015625 0.79878134375 0.40625 0.7793304984375 0.40625 0.7663632687499999
53 0.732421875 0.8234190796874999 0.68359375 0.7378353640624999 0.640625 0.683373 0.6083984375 0.6328008046875 0.599609375 0.6470647578125 0.537109375 0.880474890625 0.5478515625 0.892145396875 0.578125 0.8934421203125 0.6181640625 0.892145396875 0.6708984375 0.8739912750000001 0.7177734375 0.8402764796875 0.732421875 0.8234190796874999
53 0.83203125 0.5874155015625 0.830078125 0.5511072578125 0.8134765625 0.542030196875 0.7880859375 0.5446236437499999 0.5888671875 0.5238760765625 0.583984375 0.5459203671874999 0.587890625 0.5588875953125 0.65234375 0.6911533390625 0.70703125 0.776737053125 0.7158203125 0.7858141140625 0.72265625 0.784517390625 0.7685546875 0.7417255328125 0.80859375 0.6755926609375 0.828125 0.610756515625 0.83203125 0.5874155015625
53 0.8046875 0.366972596875 0.7685546875 0.32158729375 0.7080078125 0.280092159375 0.6416015625 0.25415770000000004 0.5947265625 0.25415770000000004 0.591796875 0.2787954375 0.603515625 0.351411921875 0.619140625 0.5199859078125 0.6240234375 0.526469521875 0.796875 0.540733475 0.86328125 0.514799015625 0.8515625 0.4603366515625 0.83984375 0.42921529999999997 0.8046875 0.366972596875
53 0.859375 0.7300550265625 0.8525390625 0.715791075 0.7822265625 0.757286209375 0.736328125 0.8208256328125 0.7373046875 0.8350895875000001 0.7607421875 0.803968234375 0.783203125 0.8311994171875 0.78515625 0.8415732 0.771484375 0.9349372546874999 0.8330078125 0.9829160046875 0.849609375 0.9868061718750001 0.859375 0.9608717140625 0.873046875 0.896035565625 0.87109375 0.794891175 0.859375 0.7300550265625
53 0.611328125 0.9608717140625 0.61328125 0.97383894375 0.6318359375 0.9984766796875 0.7578125 0.9971799562499999 0.783203125 0.8493535390625 0.7783203125 0.8273092484375001 0.7705078125 0.8273092484375001 0.611328125 0.9608717140625