53 0.197265625 0.7365676609375 0.2314453140625 0.7932267093750001 0.2607421859375 0.818101415625 0.287109375 0.8277749109375 0.3154296859375 0.8263929828125001 0.3857421859375 0.7821712859375001 0.4140625 0.742095371875 0.4296875 0.68681825 0.4296875 0.6177218437499999 0.40625 0.5320423062499999 0.3681640640625 0.47814711093750006 0.3310546859375 0.45880011718749997 0.2861328140625 0.45880011718749997 0.2216796859375 0.49749410312500003 0.1953125 0.5348061609375 0.177734375 0.5900832828125 0.177734375 0.6702351125 0.197265625 0.7365676609375
53 0.6953125 0.2971145328125 0.7294921859375 0.364829009375 0.7509765640625 0.3869398578125 0.775390625 0.396613353125 0.8017578140625 0.3979952828125 0.8740234359375 0.364829009375 0.8984375 0.327516953125 0.919921875 0.269475971875 0.927734375 0.20314342500000002 0.9140625 0.1451024484375 0.8798828140625 0.0939711078125 0.8544921859375 0.07738797187499999 0.7958984359375 0.066332546875 0.7451171859375 0.085679540625 0.7109375 0.125755453125 0.6875 0.1865602875 0.6875 0.252892834375 0.6953125 0.2971145328125
53 0.462890625 0.54862544375 0.4814453140625 0.57764593125 0.5205078140625 0.6108122046875 0.5703125 0.6204857031250001 0.6162109359375 0.6135760609375 0.666015625 0.556917009375 0.693359375 0.49611217500000004 0.6953125 0.4353073390625 0.669921875 0.3551555140625 0.6201171859375 0.2984964625 0.5712890640625 0.2708579015625 0.5146484359375 0.27362175781250003 0.4736328140625 0.304024175 0.45703125 0.33028080625 0.43359375 0.404904925 0.43359375 0.465709759375 0.462890625 0.54862544375
53 0.5224609359375 0 0.4912109359375 0.019346992187500002 0.458984375 0.0677144765625 0.443359375 0.1229915984375 0.443359375 0.18379643437499998 0.45703125 0.23354584374999998 0.4912109359375 0.281913325 0.5224609359375 0.2680940453125 0.5732421859375 0.2680940453125 0.611328125 0.2860591078125 0.6416015640625 0.2680940453125 0.669921875 0.2169627078125 0.685546875 0.1451024484375 0.671875 0.0649506171875 0.6220703140625 0 0.5224609359375 0
53 0.2880859359375 0.45603626249999996 0.3291015640625 0.45603626249999996 0.3642578140625 0.47261939843749995 0.39453125 0.5071675984375 0.4013671859375 0.508549528125 0.41015625 0.49334832031250003 0.439453125 0.3689747921875 0.435546875 0.2971145328125 0.41015625 0.24460126875000002 0.3818359359375 0.215580778125 0.3447265640625 0.1989976421875 0.2880859359375 0.20176149687499997 0.2314453140625 0.2432193390625 0.208984375 0.275003684375 0.185546875 0.33857237812499996 0.189453125 0.407668778125 0.212890625 0.471237471875 0.2236328140625 0.48643867968750004 0.2333984359375 0.48643867968750004 0.2880859359375 0.45603626249999996
53 0 0.5016398875 0.05078125 0.5320423062499999 0.09863281406249999 0.527896521875 0.1474609359375 0.4892025359375 0.173828125 0.4463627640625 0.181640625 0.407668778125 0.181640625 0.32475309375 0.154296875 0.2667121171875 0.11816406406249999 0.229400059375 0.07128906406249999 0.212816921875 0.032226564062500004 0.221108490625 0 0.252892834375 0 0.5016398875
53 0 0.1976157125 0.02734375 0.2169627078125 0.06347656406249999 0.210053065625 0.10839843593750001 0.218344634375 0.150390625 0.18379643437499998 0.16796875 0.1395747359375 0.16015625 0.089825325 0.16015625 0.0069096421875 0.1552734359375 0 0 0.0013819296875 0 0.1976157125
53 0.162109375 0.089825325 0.171875 0.131283165625 0.197265625 0.1865602875 0.236328125 0.22525427343749999 0.2978515640625 0.19623378593750002 0.3388671859375 0.19623378593750002 0.3740234359375 0.1658313671875 0.3984375 0.125755453125 0.41015625 0.08706146718749999 0.41015625 0.0013819296875 0.1689453140625 0.0055277125 0.162109375 0.034548203124999996 0.162109375 0.089825325
53 0.732421875 0.5983748531249999 0.74609375 0.6398326937500001 0.7900390640625 0.6909640328125 0.83203125 0.7089290984375001 0.8544921859375 0.7047833140625 0.8994140640625 0.674380896875 0.9423828140625 0.6108122046875 0.9716796859375 0.58870135625 0.98046875 0.5652085796875 0.974609375 0.5016398875 0.9453125 0.4408350515625 0.9208984359375 0.41181456406250005 0.8681640640625 0.384176003125 0.8134765640625 0.3952314265625 0.7646484359375 0.43668926875 0.740234375 0.47676518437500004 0.728515625 0.5209868828124999 0.732421875 0.5983748531249999
53 0.888671875 0.849885759375 0.9140625 0.91069059375 0.9501953140625 0.9618219343750001 0.99609375 0.9936062781249999 0.9990234359375 0.58317364375 0.9560546859375 0.6025206375 0.919921875 0.64536040625 0.892578125 0.7061652406250001 0.880859375 0.7835532125 0.888671875 0.849885759375
53 0.654296875 0.8001363484375 0.640625 0.891343603125 0.650390625 0.9521484390625 0.67578125 0.9963701374999999 0.8740234359375 0.9949882078125001 0.890625 0.9604400046875 0.892578125 0.8885797453125001 0.87890625 0.7807893578125 0.865234375 0.753150796875 0.8388671859375 0.72136645 0.8037109359375 0.7020194578125001 0.7490234359375 0.7047833140625 0.6826171859375 0.7490050125 0.654296875 0.8001363484375
53 0.3828125 0.8526496171875 0.392578125 0.9023990281250001 0.42578125 0.9770231421875 0.4453125 0.9963701374999999 0.5556640640625 0.9977520640625 0.5888671859375 0.9701135031250001 0.625 0.9051628828125 0.646484375 0.8250110562499999 0.64453125 0.7863170703125 0.63671875 0.7448592265625 0.5927734359375 0.6716170406249999 0.5439453140625 0.643978478125 0.5068359359375 0.643978478125 0.4677734359375 0.655033903125 0.431640625 0.689582103125 0.40625 0.769733934375 0.384765625 0.8029002078125 0.3828125 0.8526496171875
53 0.1943359359375 0.87890625 0.158203125 0.9328014437500001 0.142578125 0.9853147124999999 0.14453125 0.999133990625 0.4189453140625 1 0.423828125 0.990842425 0.404296875 0.9300375890625 0.3701171859375 0.87890625 0.3330078140625 0.8512676890625 0.2900390640625 0.8429761203125 0.2353515640625 0.8540315453125 0.1943359359375 0.87890625
53 0 0.9742592875 0.029296875 0.9963701374999999 0.10839843593750001 0.9922243515625 0.1611328140625 0.9093086671874999 0.208984375 0.8526496171875 0.20703125 0.7807893578125 0.177734375 0.68681825 0.1337890640625 0.6384507671875 0.07519531406249999 0.6246314859375001 0.0283203140625 0.643978478125 0 0.6674712546875 0 0.9742592875
53 0.919921875 0.3634470796875 0.9296875 0.396613353125 0.9580078140625 0.44221698125 0.99609375 0.474001325 0.9990234359375 0.1520120875 0.9755859359375 0.1685952234375 0.9375 0.2169627078125 0.91796875 0.310933815625 0.919921875 0.3634470796875
53 0.578125 0.6536519765625 0.611328125 0.689582103125 0.634765625 0.7338038015625 0.650390625 0.7807893578125 0.7021484359375 0.7268941625 0.75390625 0.695109815625 0.748046875 0.6508881171875001 0.7265625 0.5873194296875 0.7099609359375 0.5638266515625 0.6845703140625 0.5472435140624999 0.6728515640625 0.5472435140624999 0.6552734359375 0.57764593125 0.6201171859375 0.6135760609375 0.576171875 0.6370688390625 0.578125 0.6536519765625
53 0.0859375 0.5790278578125 0.09082031406249999 0.6273953421875 0.1435546859375 0.641214621875 0.171875 0.6702351125 0.1796875 0.5735001468750001 0.1953125 0.5320423062499999 0.220703125 0.49611217500000004 0.1884765640625 0.42286998750000004 0.1572265640625 0.48091096718750004 0.095703125 0.5403338718749999 0.0859375 0.5790278578125
53 0 0.6619435421875 0.072265625 0.6204857031250001 0.080078125 0.5707362921875 0.07714843593750001 0.5389519453125 0.032226564062500004 0.530660378125 0 0.5099314578125 0 0.6619435421875