23 0.44375 0.4 0.3875 0.25
23 0.7125 0.2984375 0.575 0.3421875
23 0.32890625 0.1828125 0.32265625 0.36484375
23 0.34609375 0.625 0.2828125 0.5296875
23 0.7359375 0.76640625 0.2171875 0.4671875
23 0.52421875 0.75078125 0.2703125 0.4984375
23 0.215625 0.83203125 0.2125 0.3359375
23 0.14375 0.6890625 0.2875 0.30234375
23 0.06015625 0.2078125 0.1203125 0.38515625
23 0.90078125 0.67265625 0.1984375 0.3171875
23 0.8796875 0.8890625 0.1953125 0.2171875
23 0.91015625 0.3828125 0.1796875 0.2953125
23 0.1296875 0.5875 0.2203125 0.2296875