39 0.3741861984375 0.4296875 0.3226453984375 0.4296875 0.31439887187500004 0.43359375 0.3009982640625 0.4501953125 0.3030598953125 0.4990234375 0.30821397500000003 0.5078125 0.3566623265625 0.5068359375 0.3958333328125 0.4990234375 0.3958333328125 0.4501953125 0.39171006875000003 0.4423828125 0.3741861984375 0.4296875
39 0.48860677187499996 0.4541015625 0.4690212671875 0.431640625 0.4525282125 0.42578125 0.42778862812499996 0.423828125 0.40923394062499996 0.427734375 0.39789496562500004 0.4384765625 0.39995659843750003 0.4990234375 0.40717230937500004 0.50390625 0.4205729171875 0.5029296875 0.4669596359375 0.5 0.48963758593750006 0.494140625 0.4947916671875 0.4892578125 0.48860677187499996 0.4541015625
39 0.5793185765625 0.4326171875 0.56591796875 0.421875 0.5411783859375 0.41796875 0.504069009375 0.419921875 0.4865451390625 0.4326171875 0.48448350625 0.4423828125 0.49891493125 0.4892578125 0.502007378125 0.4921875 0.529839409375 0.4912109375 0.5679796015624999 0.48828125 0.5875651046875 0.4814453125 0.5875651046875 0.4462890625 0.5793185765625 0.4326171875
39 0.211317275 0.43359375 0.1412217875 0.43359375 0.1236979171875 0.4501953125 0.11751302187499998 0.4638671875 0.121636284375 0.4931640625 0.13503689218749998 0.5078125 0.1556532125 0.51171875 0.1937934015625 0.5107421875 0.212348090625 0.5048828125 0.212348090625 0.4697265625 0.21853298593749998 0.4404296875 0.211317275 0.43359375
39 0.3185221359375 0.591796875 0.28759765625 0.587890625 0.26904296875 0.58984375 0.249457465625 0.6181640625 0.249457465625 0.6474609375 0.2711046015625 0.654296875 0.327799478125 0.6552734375 0.33148148125 0.633333334375 0.340169271875 0.6162109375 0.33604600625000003 0.6025390625 0.3185221359375 0.591796875
39 0.3927408859375 0.60546875 0.37006293437500004 0.6015625 0.35356987812499996 0.60546875 0.34223090156249997 0.6162109375 0.33192274374999997 0.6416015625 0.33295355937500004 0.658203125 0.41026475625 0.6591796875 0.41438802187499996 0.6572265625 0.41644965312500004 0.6220703125 0.40717230937500004 0.61328125 0.3927408859375 0.60546875
39 0.433973525 0.615234375 0.4205729171875 0.6298828125 0.41748046875 0.66015625 0.5030381937499999 0.6611328125 0.5030381937499999 0.6298828125 0.48345269062499996 0.61328125 0.44634331562499996 0.611328125 0.433973525 0.615234375
39 0.4968532984375 0.7548828125 0.49273003437499996 0.7451171875 0.47108289843750006 0.73046875 0.433973525 0.724609375 0.39892578125 0.724609375 0.3855251734375 0.7431640625 0.3855251734375 0.7646484375 0.3937717015625 0.7802734375 0.4380967875 0.80859375 0.4638671875 0.8095703125 0.4782986109375 0.7998046875 0.490740740625 0.789473684375 0.4947916671875 0.7724609375 0.4968532984375 0.7548828125
39 0.5958116328124999 0.7939453125 0.576226128125 0.7734375 0.5617947046875 0.765625 0.5453016484375001 0.76171875 0.518500434375 0.763671875 0.49994574687500004 0.771484375 0.4865451390625 0.7841796875 0.47623697812500004 0.8056640625 0.47623697812500004 0.8173828125 0.4865451390625 0.8408203125 0.502007378125 0.85546875 0.5226236984375 0.861328125 0.5483940984375 0.8623046875 0.5679796015624999 0.859375 0.5896267359375 0.8427734375 0.5999348953125 0.8232421875 0.5958116328124999 0.7939453125
39 0.4391276046875 0.8251953125 0.43294270937499996 0.8115234375 0.41954210156249994 0.798828125 0.4051106765625 0.79296875 0.38861762187500004 0.79296875 0.36387803750000003 0.802734375 0.3463541671875 0.8212890625 0.3381076390625 0.8369140625 0.3412000859375 0.861328125 0.3659396703125 0.865234375 0.386555990625 0.880859375 0.3958333328125 0.8818359375 0.41541883593750006 0.87109375 0.42778862812499996 0.869140625 0.4391276046875 0.8505859375 0.4391276046875 0.8251953125
39 0.6978624140624999 0.927734375 0.706108940625 0.91796875 0.7287868921875 0.93359375 0.7473415796875 0.939453125 0.780327690625 0.9375 0.789605034375 0.9287109375 0.7978515625 0.9111328125 0.808159721875 0.9033203125 0.808159721875 0.8916015625 0.8143446171875001 0.8935546875 0.817437065625 0.90234375 0.8236219625000001 0.900390625 0.8390842015625 0.8896484375 0.84423828125 0.87109375 0.8555772562499999 0.8720703125 0.8607313359375001 0.857421875 0.871039496875 0.861328125 0.91845703125 0.859375 0.9401041671874999 0.8427734375 0.95556640625 0.8125 0.9947374140624999 0.8125 0.9978298609375 0.8095703125 0.9978298609375 0.5283203125 0.995768228125 0.5048828125 0.9895833328125001 0.4892578125 0.9895833328125001 0.4794921875 0.9978298609375 0.4736328125 0.9978298609375 0.3681640625 0.9864908859374999 0.3515625 0.9627821171875001 0.3369140625 0.9627821171875001 0.3310546875 0.9761827249999999 0.322265625 0.9875217015625 0.3271484375 0.995768228125 0.3115234375 0.995768228125 0.3017578125 0.956597221875 0.2978515625 0.9524739578125001 0.2783203125 0.956597221875 0.2705078125 0.956597221875 0.2529296875 0.9483506937499999 0.2373046875 0.93701171875 0.2265625 0.927734375 0.2236328125 0.9318576390625 0.2099609375 0.9297960062499999 0.1826171875 0.91845703125 0.166015625 0.8834092874999999 0.162109375 0.871039496875 0.16796875 0.859700521875 0.1455078125 0.8462999140624999 0.134765625 0.8215603296875 0.134765625 0.8091905374999999 0.142578125 0.7947591140625 0.125 0.7823893234375 0.119140625 0.75146484375 0.119140625 0.7349717874999999 0.125 0.7287868921875 0.134765625 0.7184787328125 0.126953125 0.715386284375 0.1298828125 0.7174479171875 0.1396484375 0.7102322046875 0.150390625 0.6896158859375 0.142578125 0.6803385421875 0.1181640625 0.6710611984375 0.109375 0.6607530374999999 0.109375 0.66796875 0.1220703125 0.6432291671875 0.1259765625 0.6432291671875 0.1357421875 0.6463216140625 0.138671875 0.65869140625 0.13671875 0.659722221875 0.1416015625 0.6380750859375001 0.15625 0.6432291671875 0.1416015625 0.6287977437500001 0.1376953125 0.6349826390625 0.1279296875 0.624674478125 0.1220703125 0.6267361109375 0.1044921875 0.620551215625 0.1064453125 0.613335503125 0.12890625 0.5999348953125 0.1083984375 0.594780815625 0.107421875 0.59375 0.1162109375 0.5999348953125 0.1220703125 0.5916883671875001 0.1279296875 0.59375 0.1376953125 0.5906575515625 0.140625 0.5617947046875 0.140625 0.5535481765625 0.146484375 0.5442708328125 0.1416015625 0.5442708328125 0.1259765625 0.534993490625 0.125 0.5360243062500001 0.1396484375 0.529839409375 0.1455078125 0.5339626734375 0.1494140625 0.5360243062500001 0.1708984375 0.51025390625 0.1796875 0.4978841140625 0.1953125 0.4947916671875 0.1845703125 0.5030381937499999 0.1728515625 0.49273003437499996 0.1689453125 0.4947916671875 0.1650390625 0.48860677187499996 0.1513671875 0.51025390625 0.146484375 0.5123155374999999 0.169921875 0.5246853296875 0.169921875 0.527777778125 0.1630859375 0.527777778125 0.1552734375 0.5164388015625 0.14453125 0.5050998265625 0.1435546875 0.511284721875 0.1396484375 0.5061306421875 0.1328125 0.4958224828125 0.142578125 0.48139105937500004 0.1484375 0.47520616406249994 0.14453125 0.41541883593750006 0.1484375 0.4040798609375 0.1337890625 0.41026475625 0.1298828125 0.40717230937500004 0.125 0.39892578125 0.125 0.39789496562500004 0.1318359375 0.3927408859375 0.134765625 0.38243272500000003 0.130859375 0.3762478296875 0.134765625 0.35975477499999997 0.130859375 0.35460069375000003 0.1357421875 0.35047743124999997 0.1533203125 0.3659396703125 0.1640625 0.37830946249999997 0.162109375 0.38758680624999997 0.1669921875 0.38758680624999997 0.1728515625 0.37934027812500004 0.1767578125 0.3855251734375 0.1826171875 0.3680013015625 0.19140625 0.35975477499999997 0.201171875 0.35460069375000003 0.2001953125 0.3587239578125 0.1884765625 0.3463541671875 0.1845703125 0.3484157984375 0.1650390625 0.3381076390625 0.1591796875 0.3463541671875 0.1552734375 0.34223090156249997 0.1435546875 0.3463541671875 0.1376953125 0.3391384546875 0.12890625 0.3288302953125 0.13671875 0.3185221359375 0.126953125 0.3102756078125 0.1328125 0.2937825515625 0.119140625 0.2752278640625 0.12109375 0.265950521875 0.1279296875 0.2669813359375 0.1328125 0.28759765625 0.134765625 0.28656684062500004 0.1279296875 0.2937825515625 0.125 0.296875 0.1376953125 0.28038194375000003 0.1416015625 0.28553602499999997 0.154296875 0.2649197046875 0.154296875 0.26079644062499996 0.16015625 0.25770399374999997 0.1455078125 0.26182725625000003 0.1416015625 0.2546115453125 0.1328125 0.24636501718749998 0.1328125 0.23914930625 0.1396484375 0.23708767343749998 0.1591796875 0.22677951406250002 0.1689453125 0.22884114531250002 0.1748046875 0.223687065625 0.1875 0.1937934015625 0.1845703125 0.2041015625 0.1806640625 0.2041015625 0.1748046875 0.1937934015625 0.1689453125 0.205132378125 0.1640625 0.21028645781250002 0.1533203125 0.207194009375 0.146484375 0.1968858515625 0.146484375 0.18967013906250002 0.1513671875 0.18451605937499999 0.169921875 0.1700846359375 0.166015625 0.16183810781250002 0.16796875 0.1515299484375 0.177734375 0.14328342031250002 0.177734375 0.1247287328125 0.205078125 0.1236979171875 0.1884765625 0.1164822046875 0.1875 0.11751302187499998 0.2177734375 0.10514322812500002 0.2275390625 0.08761935781249999 0.2578125 0.07937282968750001 0.25390625 0.065972221875 0.2626953125 0.0670030375 0.267578125 0.093804253125 0.265625 0.10205078125 0.296875 0.11751302187499998 0.2880859375 0.1247287328125 0.2734375 0.13297525937500002 0.2734375 0.1453450515625 0.26171875 0.15668402812499999 0.2666015625 0.1484375 0.2724609375 0.1484375 0.2802734375 0.15256076406250002 0.2822265625 0.14946831562500001 0.28515625 0.13916015625 0.287109375 0.137098525 0.283203125 0.1267903640625 0.291015625 0.12575954843749998 0.2861328125 0.13400607656250002 0.2802734375 0.1267903640625 0.27734375 0.119574653125 0.2841796875 0.121636284375 0.2939453125 0.0999891484375 0.302734375 0.0597873265625 0.3408203125 0.06184895781250001 0.3505859375 0.07112630156250001 0.35546875 0.08865017343750001 0.3505859375 0.082465278125 0.3779296875 0.044325085937499994 0.3984375 0.0226779515625 0.4189453125 0.0247395828125 0.4287109375 0.03917100625 0.4384765625 0.0329861109375 0.4501953125 0.03917100625 0.4638671875 0.037109375 0.4912109375 0.0412326390625 0.5068359375 0.047417534375 0.5107421875 0.0597873265625 0.5400390625 0.0206163203125 0.5595703125 0.025770398437499998 0.57421875 0.0402018234375 0.580078125 0.05257161406250001 0.578125 0.0556640625 0.5830078125 0.03917100625 0.6005859375 0.03504774375 0.6279296875 0.03917100625 0.6396484375 0.029893664062500002 0.646484375 0.019585503125 0.642578125 0.01649305625 0.6572265625 0.044325085937499994 0.6796875 0.075249565625 0.689453125 0.0814344625 0.703125 0.10514322812500002 0.7060546875 0.1030815984375 0.7333984375 0.0999891484375 0.736328125 0.09586588593749999 0.732421875 0.085557725 0.734375 0.08040364531250001 0.7412109375 0.082465278125 0.7841796875 0.075249565625 0.779296875 0.0670030375 0.779296875 0.062879775 0.78515625 0.0505099828125 0.783203125 0.04638671875 0.794921875 0.0422634546875 0.791015625 0.03504774375 0.7958984375 0.0329861109375 0.8095703125 0.0247395828125 0.8134765625 0.0206163203125 0.8310546875 0.0247395828125 0.8505859375 0.036078559375 0.865234375 0.05257161406250001 0.875 0.085557725 0.873046875 0.09895833281250001 0.8603515625 0.1030815984375 0.8173828125 0.09895833281250001 0.8056640625 0.10205078125 0.8046875 0.1072048609375 0.8212890625 0.1041124140625 0.865234375 0.13297525937500002 0.869140625 0.14328342031250002 0.865234375 0.14740668437499999 0.869140625 0.1515299484375 0.8671875 0.1669921875 0.8955078125 0.1783311640625 0.904296875 0.20100911406250002 0.912109375 0.2298719625 0.91015625 0.240180121875 0.9296875 0.2711046015625 0.931640625 0.28759765625 0.923828125 0.30409071249999997 0.921875 0.3226453984375 0.9375 0.35356987812499996 0.94140625 0.3762478296875 0.93359375 0.3844943578125 0.92578125 0.41748046875 0.951171875 0.42778862812499996 0.953125 0.4504665796875 0.953125 0.49169921875 0.935546875 0.5164388015625 0.951171875 0.539116753125 0.953125 0.5597330734375 0.943359375 0.578287759375 0.953125 0.601996528125 0.9541015625 0.6195203984375001 0.953125 0.6463216140625 0.935546875 0.6566297750000001 0.9375 0.6978624140624999 0.927734375