16 0.69375 0.7984375 0.0734375 0.38984375
16 0.58984375 0.815625 0.121875 0.3609375
16 0.9109375 0.46328125 0.10078125 0.38984375
16 0.87890625 0.38828125 0.05546875 0.5078125
16 0.8390625 0.50625 0.06640625 0.31640625
16 0.753125 0.61171875 0.06875 0.49453125
16 0.57109375 0.4234375 0.08203125 0.3734375
16 0.54375 0.75390625 0.09609375 0.4921875
16 0.64296875 0.53125 0.12421875 0.571875
16 0.48671875 0.5046875 0.0625 0.38984375
16 0.40859375 0.35625 0.05546875 0.45
16 0.39375 0.63828125 0.0796875 0.2109375
16 0.34609375 0.69921875 0.1171875 0.2046875
16 0.340625 0.48359375 0.0640625 0.34765625
16 0.2921875 0.7921875 0.14921875 0.415625
16 0.2515625 0.278125 0.0671875 0.453125
16 0.2828125 0.31328125 0.0453125 0.29375
16 0.171875 0.2796875 0.0921875 0.425
16 0.1171875 0.54296875 0.059375 0.39609375
16 0.06015625 0.62265625 0.0984375 0.40859375
16 0.06796875 0.5890625 0.071875 0.41171875
16 0.0921875 0.4265625 0.07578125 0.27109375