39 0.38984375 0.446875 0.53671875 0.73671875
39 0.4890625 0.58046875 0.5609375 0.5546875
39 0.41640625 0.18671875 0.125 0.1609375
39 0.20234375 0.23359375 0.09765625 0.1328125
39 0.36640625 0.29296875 0.09765625 0.11953125
39 0.2125 0.46328125 0.0671875 0.11015625
39 0.146875 0.628125 0.08671875 0.11484375
39 0.24296875 0.86171875 0.09296875 0.12265625
39 0.4828125 0.84375 0.10078125 0.11640625
39 0.5046875 0.646875 0.090625 0.159375
39 0.6296875 0.47421875 0.121875 0.14453125
39 0.34609375 0.7296875 0.08359375 0.14453125
39 0.53359375 0.384375 0.08046875 0.11328125
39 0.7609375 0.6265625 0.09140625 0.13125
39 0.70546875 0.7453125 0.090625 0.10625