23 0.409375 0.6359375 0.17890625 0.24140625
23 0.23046875 0.5578125 0.1859375 0.23203125
23 0.35546875 0.11875 0.33203125 0.2171875
23 0.7671875 0.13046875 0.3484375 0.25625
23 0.75625 0.3609375 0.44296875 0.21015625
23 0.6546875 0.47734375 0.396875 0.34921875
23 0.296875 0.24296875 0.4359375 0.19296875
23 0.2890625 0.3625 0.3421875 0.20234375
23 0.20234375 0.41171875 0.3453125 0.20234375
23 0.51484375 0.75703125 0.228125 0.15625
23 0.28046875 0.79375 0.5609375 0.4125
23 0.48984375 0.78046875 0.48515625 0.234375
23 0.8 0.76328125 0.4 0.4734375