16 0.4921875 0.5546875 0.1 0.22265625
16 0.74375 0.3125 0.08125 0.24375
16 0.5484375 0.39296875 0.12109375 0.32265625
16 0.590625 0.5109375 0.10390625 0.334375
16 0.94921875 0.47734375 0.1015625 0.4046875
16 0.68828125 0.08515625 0.09609375 0.11171875
16 0.103125 0.4859375 0.20625 0.34921875
16 0.240625 0.53515625 0.1109375 0.33125
16 0.10625 0.7390625 0.2 0.340625
16 0.22734375 0.68203125 0.10859375 0.3078125
16 0.565625 0.71328125 0.1375 0.29921875
16 0.67578125 0.70546875 0.15859375 0.34921875
16 0.76015625 0.628125 0.12734375 0.34609375
16 0.85859375 0.575 0.16875 0.39296875