4 0.89296875 0.8171875 0.03359375 0.03125
4 0.87578125 0.7859375 0.0234375 0.03828125
4 0.69296875 0.859375 0.02109375 0.05390625
4 0.77421875 0.69453125 0.01875 0.04453125
4 0.8171875 0.7 0.02890625 0.04296875
4 0.834375 0.7265625 0.0390625 0.0296875
4 0.8890625 0.3578125 0.0328125 0.02421875
4 0.89453125 0.38828125 0.03359375 0.02734375
4 0.875 0.48828125 0.02265625 0.0359375
4 0.9015625 0.5 0.02265625 0.02578125
4 0.9234375 0.54765625 0.02109375 0.02734375
4 0.690625 0.3796875 0.02109375 0.03125
56 0.3828125 0.13125 0.16484375 0.19375
18 0.62578125 0.4 0.09140625 0.1125
18 0.53046875 0.59296875 0.10859375 0.17109375
12 0.5765625 0.32734375 0.67890625 0.43359375
12 0.5359375 0.65859375 0.6359375 0.3953125