17 0.46484375 0.7747395828125 0.447265625 0.80078125 0.443359375 0.8111979171874999 0.4453125 0.81640625 0.4580078125 0.8177083328125001 0.484375 0.7747395828125 0.501953125 0.7565104171875 0.5068359375 0.7161458328125 0.4873046875 0.7291666671875 0.46484375 0.7747395828125
17 0.572265625 0.7330729171875 0.55078125 0.7877604171875 0.546875 0.8138020828125001 0.55078125 0.81640625 0.5732421875 0.8125 0.58203125 0.7981770828125 0.587890625 0.7643229171875 0.59375 0.7513020828125 0.61328125 0.6731770828125 0.611328125 0.6315104171875 0.6064453125 0.6276041671875 0.599609375 0.6315104171875 0.6015625 0.6627604171875 0.583984375 0.6783854171875 0.580078125 0.70703125 0.572265625 0.7252604171875 0.572265625 0.7330729171875
17 0.6318359375 0.6223958328125 0.6201171875 0.6223958328125 0.61328125 0.6315104171875 0.615234375 0.7955729171875 0.6259765625 0.796875 0.63671875 0.7903645828125 0.63671875 0.6705729171875 0.6318359375 0.6223958328125
17 0.5009765625 0.8932291671874999 0.5380859375 0.9010416671874999 0.5654296875 0.9114583328125001 0.658203125 0.9309895828125001 0.6708984375 0.9296875 0.673828125 0.9127604171874999 0.6552734375 0.9140625 0.6337890625 0.9036458328125001 0.5732421875 0.8958333328125001 0.5458984375 0.8802083328125001 0.5283203125 0.8776041671874999 0.5146484375 0.8776041671874999 0.4921875 0.88671875 0.5009765625 0.8932291671874999
17 0.4609375 0.7825520828125 0.451171875 0.79296875 0.443359375 0.8138020828125001 0.4453125 0.81640625 0.4560546875 0.8177083328125001 0.4970703125 0.7578125 0.501953125 0.7565104171875 0.52734375 0.7122395828125 0.5185546875 0.7109375 0.4912109375 0.7265625 0.4609375 0.7825520828125
17 0.3701171875 0.7708333328125 0.359375 0.7799479171875 0.3623046875 0.7864583328125 0.380859375 0.79296875 0.3916015625 0.7942708328125 0.4140625 0.7591145828125 0.3955078125 0.7604166671875 0.3701171875 0.7708333328125
17 0.4443359375 0.8177083328125001 0.435546875 0.8372395828125001 0.435546875 0.8450520828125001 0.451171875 0.8528645828125001 0.4580078125 0.8541666671874999 0.4833984375 0.8411458328125001 0.484375 0.8372395828125001 0.4443359375 0.8177083328125001
17 0.314453125 0.7955729171875 0.3173828125 0.7994791671875 0.3701171875 0.8177083328125001 0.3984375 0.83203125 0.4033203125 0.8333333328125001 0.40625 0.8294270828125001 0.41015625 0.8111979171874999 0.4072265625 0.8020833328125001 0.3720703125 0.7916666671875 0.3330078125 0.7734375 0.3232421875 0.7734375 0.31640625 0.7799479171875 0.314453125 0.7955729171875
17 0.5546875 0.9127604171874999 0.548828125 0.94140625 0.53125 0.9908854171874999 0.53125 0.9986979171874999 0.5400390625 1 0.544921875 0.9934895828125001 0.56640625 0.9283854171874999 0.5673828125 0.9114583328125001 0.5576171875 0.9088541671874999 0.5546875 0.9127604171874999
17 0.3232421875 0.9270833328125001 0.314453125 0.94140625 0.326171875 0.9518229171874999 0.330078125 0.9622395828125001 0.3642578125 0.9479166671874999 0.3701171875 0.9401041671874999 0.3798828125 0.9375 0.3876953125 0.9296875 0.4052734375 0.9244791671874999 0.4072265625 0.9192708328125001 0.4189453125 0.921875 0.4306640625 0.9114583328125001 0.4736328125 0.8958333328125001 0.4951171875 0.8828125 0.5576171875 0.8619791671874999 0.5947265625 0.84375 0.6103515625 0.8411458328125001 0.6416015625 0.8229166671874999 0.6767578125 0.8151041671874999 0.6845703125 0.8098958328125001 0.689453125 0.80078125 0.6875 0.7825520828125 0.6845703125 0.7786458328125 0.6708984375 0.78125 0.5791015625 0.8125 0.5302734375 0.8229166671874999 0.4658203125 0.8489583328125001 0.4111328125 0.8776041671874999 0.4013671875 0.8776041671874999 0.3876953125 0.8932291671874999 0.3779296875 0.8958333328125001 0.3662109375 0.90625 0.3525390625 0.9088541671874999 0.3408203125 0.9192708328125001 0.3232421875 0.9270833328125001
17 0.67578125 0.9440104171874999 0.6708984375 0.9322916671874999 0.654296875 0.9361979171874999 0.6484375 0.99609375 0.6640625 0.99609375 0.666015625 0.9778645828125001 0.67578125 0.9440104171874999
17 0.662109375 0.8815104171874999 0.6650390625 0.8932291671874999 0.67578125 0.8997395828125001 0.67578125 0.93359375 0.6796875 0.9309895828125001 0.681640625 0.90234375 0.701171875 0.82421875 0.703125 0.7981770828125 0.708984375 0.7799479171875 0.712890625 0.7434895828125 0.716796875 0.7356770828125 0.716796875 0.7278645828125 0.712890625 0.72265625 0.720703125 0.7096354171875 0.724609375 0.6861979171875 0.73046875 0.62109375 0.7236328125 0.6119791671875 0.7119140625 0.6145833328125 0.701171875 0.6393229171875 0.689453125 0.72265625 0.689453125 0.74609375 0.681640625 0.7721354171875 0.689453125 0.7877604171875 0.69140625 0.8033854171874999 0.6865234375 0.8098958328125001 0.6787109375 0.8125 0.671875 0.82421875 0.662109375 0.8815104171874999
17 0.650390625 0.83203125 0.646484375 0.87890625 0.6494140625 0.8854166671874999 0.654296875 0.88671875 0.6591796875 0.8880208328125001 0.6640625 0.8763020828125001 0.66796875 0.8346354171874999 0.66796875 0.82421875 0.6650390625 0.8203125 0.6533203125 0.8229166671874999 0.650390625 0.83203125
17 0.650390625 0.6393229171875 0.6484375 0.73828125 0.64453125 0.76171875 0.646484375 0.78515625 0.6708984375 0.78125 0.67578125 0.7669270828125 0.67578125 0.6940104171875 0.671875 0.6549479171875 0.677734375 0.5768229171875 0.677734375 0.5533854171875 0.6748046875 0.5494791671875 0.6611328125 0.5494791671875 0.65625 0.5638020828125 0.650390625 0.6393229171875
17 0.6806640625 0.9609375 0.6875 0.9596354171874999 0.673828125 0.98828125 0.67578125 0.9986979171874999 0.6904296875 0.9973958328125001 0.69921875 0.9830729171874999 0.7421875 0.8736979171874999 0.7734375 0.80859375 0.78125 0.7825520828125 0.8125 0.7200520828125 0.8134765625 0.703125 0.7998046875 0.6953125 0.791015625 0.70703125 0.76953125 0.7669270828125 0.705078125 0.8919270828125001 0.701171875 0.9049479171874999 0.697265625 0.9075520828125001 0.6962890625 0.9166666671874999 0.7001953125 0.9114583328125001 0.705078125 0.9127604171874999 0.69921875 0.93359375 0.6962890625 0.9375 0.69140625 0.9361979171874999 0.6953125 0.9309895828125001 0.6943359375 0.9244791671874999 0.6875 0.9283854171874999 0.685546875 0.94140625 0.673828125 0.9622395828125001 0.6748046875 0.9713541671874999 0.6806640625 0.9609375
17 0.3212890625 0.8255208328125001 0.263671875 0.9049479171874999 0.263671875 0.9127604171874999 0.27734375 0.93359375 0.2861328125 0.9348958328125001 0.3291015625 0.8828125 0.359375 0.83984375 0.3505859375 0.8333333328125001 0.3212890625 0.8255208328125001
17 0.3935546875 0.9270833328125001 0.3828125 0.9309895828125001 0.3671875 0.98046875 0.3671875 0.9986979171874999 0.3876953125 1 0.39453125 0.9934895828125001 0.40234375 0.9674479171874999 0.423828125 0.92578125 0.42578125 0.91796875 0.4228515625 0.9140625 0.4072265625 0.9192708328125001 0.4052734375 0.9166666671874999 0.3935546875 0.9270833328125001
17 0.484375 0.94921875 0.482421875 0.98046875 0.478515625 0.9934895828125001 0.48046875 0.9986979171874999 0.5068359375 1 0.509765625 0.99609375 0.515625 0.9518229171874999 0.525390625 0.91015625 0.5224609375 0.8984375 0.498046875 0.89453125 0.484375 0.94921875
17 0.4794921875 0.8932291671874999 0.4560546875 0.9010416671874999 0.4453125 0.91015625 0.4140625 0.9986979171874999 0.4365234375 1 0.4453125 0.98828125 0.48046875 0.8971354171874999 0.4794921875 0.8932291671874999
17 0.6142578125 0.9192708328125001 0.607421875 0.92578125 0.599609375 0.98828125 0.603515625 0.9986979171874999 0.6240234375 1 0.626953125 0.99609375 0.630859375 0.9466145828125001 0.634765625 0.9309895828125001 0.630859375 0.9231770828125001 0.6376953125 0.9140625 0.6474609375 0.9192708328125001 0.650390625 0.9153645828125001 0.6474609375 0.9114583328125001 0.6279296875 0.90625 0.625 0.9153645828125001 0.62890625 0.91796875 0.6279296875 0.921875 0.6142578125 0.9192708328125001
17 0.5458984375 0.5885416671875 0.5390625 0.59765625 0.5 0.6549479171875 0.50390625 0.6653645828125 0.5087890625 0.6666666671875 0.5322265625 0.6536458328125 0.560546875 0.6184895828125 0.55859375 0.6028645828125 0.5498046875 0.5885416671875 0.5458984375 0.5885416671875
17 0.380859375 0.9856770828125001 0.3759765625 0.984375 0.375 0.98828125 0.384765625 0.99609375 0.392578125 0.9934895828125001 0.39453125 0.9752604171874999 0.416015625 0.93359375 0.4189453125 0.9166666671874999 0.4072265625 0.9192708328125001 0.4033203125 0.9270833328125001 0.3935546875 0.9270833328125001 0.3896484375 0.9375 0.3818359375 0.9375 0.37890625 0.94140625 0.37109375 0.98046875 0.3818359375 0.9765625 0.37890625 0.9830729171874999 0.380859375 0.9856770828125001
17 0.408203125 0.81640625 0.396484375 0.8841145828125001 0.392578125 0.8893229171874999 0.39453125 0.8971354171874999 0.4052734375 0.8958333328125001 0.4091796875 0.8880208328125001 0.4130859375 0.8932291671874999 0.4150390625 0.8854166671874999 0.421875 0.8841145828125001 0.4169921875 0.8776041671874999 0.4296875 0.8736979171874999 0.427734375 0.86328125 0.43359375 0.83984375 0.4453125 0.8111979171874999 0.447265625 0.7955729171875 0.451171875 0.7903645828125 0.453125 0.7747395828125 0.46875 0.73046875 0.4765625 0.69140625 0.490234375 0.6497395828125 0.49609375 0.59765625 0.50390625 0.5924479171875 0.5078125 0.56640625 0.51171875 0.55859375 0.5087890625 0.5494791671875 0.501953125 0.55078125 0.501953125 0.5611979171875 0.494140625 0.5794270828125 0.494140625 0.5924479171875 0.48828125 0.59765625 0.484375 0.6080729171875 0.462890625 0.68359375 0.453125 0.7044270828125 0.453125 0.7122395828125 0.4375 0.73828125 0.435546875 0.7565104171875 0.427734375 0.7747395828125 0.4228515625 0.78125 0.4208984375 0.7786458328125 0.41796875 0.78515625 0.41796875 0.7981770828125 0.412109375 0.8033854171874999 0.408203125 0.81640625
17 0.5654296875 0.6354166671875 0.4833984375 0.6796875 0.478515625 0.6861979171875 0.46875 0.73046875 0.4853515625 0.7291666671875 0.5224609375 0.7083333328125 0.5361328125 0.7057291671875 0.6005859375 0.6666666671875 0.6015625 0.6575520828125 0.595703125 0.64453125 0.59375 0.62890625 0.5888671875 0.625 0.5654296875 0.6354166671875