22 0.3447265625 0.6779661015625 0.3271484375 0.6652542375 0.3134765625 0.6737288140625 0.3046875 0.6970338984375 0.298828125 0.730932203125 0.298828125 0.7775423734375 0.3095703125 0.8135593218749999 0.337890625 0.8156779656250001 0.35546875 0.7775423734375 0.359375 0.730932203125 0.3515625 0.6927966109375 0.3447265625 0.6779661015625
22 0.3984375 0.7987288140625 0.3857421875 0.775423728125 0.3779296875 0.771186440625 0.3603515625 0.775423728125 0.3486328125 0.7881355937500001 0.337890625 0.8114406781250001 0.33203125 0.8411016953124999 0.33203125 0.875 0.3447265625 0.9067796609375 0.3525390625 0.9152542374999999 0.369140625 0.9131355937500001 0.3837890625 0.9025423734375 0.39453125 0.8834745765625 0.40234375 0.83262711875 0.3984375 0.7987288140625
22 0.48828125 0.8199152546875 0.4697265625 0.7881355937500001 0.4462890625 0.79237288125 0.431640625 0.8241525421875 0.427734375 0.853813559375 0.4296875 0.8792372875 0.4443359375 0.919491525 0.4521484375 0.9279661015625 0.47265625 0.9258474578125 0.4794921875 0.919491525 0.4921875 0.8834745765625 0.4921875 0.8368644062499999 0.48828125 0.8199152546875
22 0.4248046875 0.898305084375 0.3916015625 0.898305084375 0.373046875 0.9385593218749999 0.37109375 0.9724576265625 0.3759765625 1 0.4375 0.99788135625 0.44140625 0.980932203125 0.44140625 0.9427966109374999 0.435546875 0.91737288125 0.4248046875 0.898305084375
22 0.2763671875 0.771186440625 0.2490234375 0.771186440625 0.232421875 0.8072033890625001 0.232421875 0.8665254234375 0.2421875 0.896186440625 0.2548828125 0.9152542374999999 0.275390625 0.91737288125 0.298828125 0.8834745765625 0.298828125 0.8199152546875 0.29296875 0.7987288140625 0.2763671875 0.771186440625
22 0.548828125 0.4724576265625 0.5419921875 0.46186440624999997 0.5224609375 0.45762711874999995 0.5078125 0.48093220312499996 0.501953125 0.5063559328125 0.501953125 0.5275423734375 0.5107421875 0.5550847453125 0.5185546875 0.5508474578125 0.541015625 0.561440678125 0.546875 0.5360169484374999 0.5546875 0.523305084375 0.5546875 0.49788135625 0.548828125 0.4724576265625
22 0.5712890625 0.525423728125 0.5634765625 0.521186440625 0.5517578125 0.5296610171875 0.541015625 0.561440678125 0.541015625 0.5953389828125 0.544921875 0.6207627125 0.5537109375 0.6398305078125001 0.5693359375 0.6313559328125 0.5810546875 0.644067796875 0.587890625 0.641949153125 0.595703125 0.6165254234375 0.595703125 0.5741525421875 0.58984375 0.5529661015625 0.5712890625 0.525423728125
22 0.73046875 0.5275423734375 0.724609375 0.476694915625 0.7119140625 0.4491525421875 0.7021484375 0.44067796562500006 0.6806640625 0.44491525468750004 0.669921875 0.48093220312499996 0.669921875 0.519067796875 0.681640625 0.5402542375 0.6875 0.5699152546875 0.693359375 0.5699152546875 0.6982421875 0.563559321875 0.7216796875 0.563559321875 0.7265625 0.5529661015625 0.73046875 0.5275423734375
22 0.6669921875 0.516949153125 0.6494140625 0.516949153125 0.6416015625 0.525423728125 0.630859375 0.5656779656250001 0.634765625 0.6165254234375 0.6455078125 0.648305084375 0.677734375 0.646186440625 0.6875 0.603813559375 0.6875 0.5699152546875 0.681640625 0.5402542375 0.6669921875 0.516949153125
22 0.7197265625 0.62711864375 0.7001953125 0.62711864375 0.6923828125 0.6355932203125 0.68359375 0.6546610171875 0.6796875 0.6758474578125 0.68359375 0.7182203390625 0.6943359375 0.7415254234375 0.73046875 0.7394067796875 0.740234375 0.7097457625 0.740234375 0.6758474578125 0.736328125 0.6546610171875 0.7197265625 0.62711864375
22 0.6845703125 0.7203389828125 0.6708984375 0.70338983125 0.6572265625 0.6991525421875 0.6474609375 0.70762711875 0.63671875 0.7394067796875 0.63671875 0.7817796609375 0.642578125 0.8114406781250001 0.6552734375 0.8347457625000001 0.68359375 0.83262711875 0.693359375 0.8114406781250001 0.697265625 0.7860169484374999 0.693359375 0.7436440671875 0.6845703125 0.7203389828125
22 0.224609375 0.20127118593749999 0.224609375 0.188559321875 0.2177734375 0.169491525 0.2060546875 0.1525423734375 0.1904296875 0.1525423734375 0.177734375 0.1758474578125 0.17578125 0.19703389843750002 0.1826171875 0.20762711875 0.1904296875 0.20762711875 0.1943359375 0.1991525421875 0.1962890625 0.21186440625 0.201171875 0.20974576250000002 0.2080078125 0.17796610156249998 0.2109375 0.1927966109375 0.2197265625 0.20338983124999999 0.224609375 0.20127118593749999
22 0.2568359375 0.21186440625 0.2392578125 0.20338983124999999 0.2294921875 0.21186440625 0.2216796875 0.22881355937499998 0.2138671875 0.22033898281250003 0.2041015625 0.22881355937499998 0.2001953125 0.21610169531249998 0.1904296875 0.21610169531249998 0.1875 0.2224576265625 0.189453125 0.2394067796875 0.2001953125 0.25423728749999996 0.2158203125 0.2457627125 0.21875 0.2775423734375 0.2275390625 0.309322034375 0.2470703125 0.3008474578125 0.26171875 0.311440678125 0.26953125 0.29449152500000003 0.271484375 0.2563559328125 0.267578125 0.2351694921875 0.2568359375 0.21186440625
22 0.1806640625 0.2415254234375 0.1689453125 0.22881355937499998 0.1552734375 0.224576271875 0.1396484375 0.2372881359375 0.12890625 0.2605932203125 0.125 0.28601694843750003 0.1318359375 0.3262711859375 0.1376953125 0.3347457625 0.1474609375 0.3347457625 0.1533203125 0.3262711859375 0.173828125 0.33262711875 0.181640625 0.31991525468750004 0.189453125 0.28601694843750003 0.1875 0.2605932203125 0.1806640625 0.2415254234375