2 0.621875 0.29609375 0.1703125 0.2265625
2 0.59140625 0.74140625 0.234375 0.2765625
2 0.78203125 0.7671875 0.2421875 0.228125
2 0.95078125 0.846875 0.0984375 0.221875
2 0.7890625 0.08671875 0.153125 0.1546875
2 0.65546875 0.17109375 0.1859375 0.1609375
2 0.45078125 0.228125 0.203125 0.1671875
2 0.5140625 0.3625 0.1890625 0.26875
2 0.33046875 0.36640625 0.1890625 0.196875
2 0.20546875 0.503125 0.221875 0.2203125
2 0.0546875 0.303125 0.109375 0.134375
2 0.0375 0.1609375 0.075 0.184375
2 0.30859375 0.128125 0.1953125 0.1703125
2 0.8640625 0.57421875 0.2671875 0.2765625
2 0.8109375 0.25859375 0.2140625 0.2390625
2 0.38125 0.70078125 0.2265625 0.321875
2 0.47109375 0.89765625 0.2296875 0.2046875
2 0.11171875 0.8 0.1859375 0.2296875
2 0.08359375 0.5875 0.1671875 0.225
2 0.178125 0.36484375 0.2125 0.21875