10 0.70546875 0.17421875 0.1734375 0.21015625
10 0.3828125 0.378125 0.09921875 0.27421875
10 0.53125 0.584375 0.0953125 0.2328125
10 0.39140625 0.775 0.16953125 0.121875
10 0.16953125 0.56875 0.07265625 0.2515625
10 0.23046875 0.35859375 0.140625 0.2578125
10 0.15703125 0.19921875 0.18125 0.14921875
10 0.309375 0.18515625 0.0859375 0.215625
10 0.6625 0.415625 0.12578125 0.16640625
10 0.8125 0.70859375 0.16171875 0.21015625
10 0.66484375 0.6453125 0.15234375 0.14375
10 0.796875 0.409375 0.078125 0.16640625
10 0.79921875 0.24765625 0.16953125 0.1578125
10 0.203125 0.89140625 0.096875 0.14375
10 0.10859375 0.496875 0.07265625 0.20234375
10 0.5 0.496875 1 0.93828125