14 0.34921875 0.69453125 0.33515625 0.43359375
14 0.56953125 0.65859375 0.35625 0.4640625
14 0.453125 0.31796875 0.29375 0.353125
14 0.23359375 0.35703125 0.225 0.375
14 0.69140625 0.2765625 0.22109375 0.2359375
50 0.071875 0.43046875 0.11484375 0.153125
26 0.27109375 0.17890625 0.27109375 0.20859375
38 0.48203125 0.10859375 0.10234375 0.1390625
38 0.603125 0.19453125 0.12265625 0.1109375
46 0.83515625 0.3765625 0.09140625 0.1859375
26 0.76875 0.44609375 0.1125 0.09140625
51 0.19609375 0.51171875 0.18203125 0.159375
52 0.175 0.603125 0.04609375 0.07890625
52 0.7484375 0.7375 0.196875 0.096875
52 0.80390625 0.51953125 0.09609375 0.11953125
41 0.60625 0.8578125 0.03984375 0.0734375
41 0.65703125 0.828125 0.04765625 0.075