4 0.5984375 0.8875 0.059375 0.084375
4 0.7375 0.7671875 0.03671875 0.05859375
4 0.553125 0.81328125 0.0421875 0.084375
4 0.8515625 0.73828125 0.03359375 0.08203125
18 0.63984375 0.42109375 0.1421875 0.1171875
18 0.528125 0.61015625 0.1078125 0.1484375
18 0.06875 0.65859375 0.07578125 0.12734375
18 0.68203125 0.84765625 0.18984375 0.12265625
18 0.93671875 0.80703125 0.1265625 0.12734375
24 0.171875 0.2109375 0.24375 0.29375
35 0.3578125 0.10859375 0.209375 0.2171875
15 0.58359375 0.553125 0.6609375 0.5640625
15 0.31953125 0.4890625 0.503125 0.51328125