30 0.5761718765625 0.31277833125 0.5673828125 0.2672566046875 0.5458984375 0.26431971718749997 0.5253906234375 0.2922201328125 0.5214843765625 0.31571521874999997 0.5 0.3480209609375 0.4785156234375 0.403821790625 0.4746093765625 0.4361275328125 0.48828125 0.43906442031250004 0.5380859375 0.4170377765625 0.5410156234375 0.3950111328125 0.5703125 0.3538947328125 0.5761718765625 0.31277833125
30 0.4667968765625 0.365642275 0.48828125 0.330399646875 0.49609375 0.2922201328125 0.4775390625 0.2672566046875 0.4599609375 0.2701934890625 0.421875 0.330399646875 0.40625 0.4273168765625 0.39453125 0.46255950625000003 0.39453125 0.47137016249999997 0.40234375 0.4743070484375 0.4248046875 0.4699017203125 0.44140625 0.4508119625 0.46484375 0.3920742484375 0.4667968765625 0.365642275
30 0.39453125 0.43906442031250004 0.3964843765625 0.3891373609375 0.43359375 0.3010307890625 0.4326171875 0.2760672609375 0.3955078125 0.2848779171875 0.3740234375 0.308373003125 0.35546875 0.33627341718750003 0.32421875 0.41556933437500004 0.3105468765625 0.45962261875 0.3144531234375 0.4801808203125 0.3496093765625 0.4919283640625 0.3564453125 0.484586146875 0.3681640625 0.490459921875 0.38671875 0.468433278125 0.39453125 0.43906442031250004
30 0.3535156234375 0.33627341718750003 0.3808593765625 0.3010307890625 0.3828125 0.2863463609375 0.3759765625 0.2731303734375 0.3486328125 0.2672566046875 0.3271484375 0.28194103125000003 0.3105468765625 0.2980939046875 0.30859375 0.31571521874999997 0.2871093765625 0.3509578484375 0.2578125 0.4508119625 0.2802734375 0.46109106093749996 0.28125 0.47137016249999997 0.29296875 0.4801808203125 0.2783203125 0.48164926250000006 0.2744140625 0.49633369062500005 0.2685546875 0.49339680625 0.2607421875 0.5051443484375 0.2519531234375 0.49486524843749996 0.2558593765625 0.5124865625 0.2675781234375 0.521297221875 0.2910156234375 0.5007390203125001 0.2988281234375 0.46255950625000003 0.3183593765625 0.4361275328125 0.3535156234375 0.33627341718750003
30 0.2890625 0.31571521874999997 0.3037109375 0.3113098890625 0.328125 0.2804725890625 0.3193359375 0.2584459453125 0.2978515625 0.25550906093750003 0.2646484375 0.2731303734375 0.2285156234375 0.33627341718750003 0.1875 0.4302537609375 0.1884765625 0.4552172921875 0.2167968765625 0.4537488484375 0.2392578125 0.4170377765625 0.26171875 0.3979480203125 0.28515625 0.3480209609375 0.2890625 0.31571521874999997
30 0.2548828125 0.2701934890625 0.2177734375 0.2760672609375 0.171875 0.33627341718750003 0.13671875 0.4420013046875 0.1376953125 0.46109106093749996 0.1699218765625 0.45962261875 0.1816406234375 0.4537488484375 0.1894531234375 0.41556933437500004 0.2519531234375 0.2951570171875 0.2548828125 0.2701934890625
30 0.328125 0.8678497390625 0.33203125 0.8384808828124999 0.36328125 0.7679956234375 0.37109375 0.7033841375 0.3837890625 0.7019156953125 0.40625 0.6798890515625 0.42578125 0.60940379375 0.42578125 0.5653505062499999 0.45703125 0.50367590625 0.4580078125 0.487523034375 0.4208984375 0.5198287765625 0.3994140625 0.5139550078124999 0.3720703125 0.53745009375 0.3203125 0.61821445 0.265625 0.759184965625 0.2519531234375 0.8707866234375 0.2324218765625 0.9207136828125 0.21484375 0.9941358250000001 0.3203125 0.9970727125 0.328125 0.9530194249999999 0.3144531234375 0.9207136828125 0.3183593765625 0.8795972828125 0.328125 0.8678497390625
30 0.1904296875 0.8193911249999999 0.20703125 0.791490709375 0.2128906234375 0.762121853125 0.234375 0.7415636515624999 0.23828125 0.7268792234375 0.2265625 0.71513168125 0.2265625 0.6945734796874999 0.2392578125 0.6842943781249999 0.2587890625 0.696041921875 0.2744140625 0.687231265625 0.3066406234375 0.6387726515625001 0.3300781234375 0.5741611640625 0.3691406234375 0.5124865625 0.3662109375 0.5022074640625 0.3369140625 0.5051443484375 0.3193359375 0.49633369062500005 0.3134765625 0.5080812328125 0.2783203125 0.5227656640625 0.2353515625 0.5609451796875 0.1582031234375 0.6740152796875 0.12890625 0.762121853125 0.11328125 0.7826800515625 0.10742187656249999 0.800301365625 0.11132812343750001 0.8267333390625 0.07617187656249999 0.9207136828125 0.0791015625 0.9398034390625 0.0947265625 0.9544878671875001 0.11132812343750001 0.9559563125 0.11914062343750001 0.9412718828125 0.1269531234375 0.8884079390625 0.1689453125 0.8311386687500001 0.1904296875 0.8193911249999999
30 0 0.9265874546875 0.0234375 0.9265874546875 0.0390625 0.90015548125 0.0625 0.81792268125 0.10742187656249999 0.7356898796875 0.1171875 0.697510365625 0.1376953125 0.6931050375 0.171875 0.6475833078125001 0.19140625 0.56828739375 0.19140625 0.550666078125 0.1826171875 0.53745009375 0.1689453125 0.53157631875 0.0869140625 0.6108722359375001 0.07617187656249999 0.6270251078125 0.07421875 0.6475833078125001 0.03125 0.718068565625 0 0.8237964515625 0 0.9265874546875
30 0.59765625 0.65933085 0.6015625 0.5888455921875 0.5957031234375 0.562413621875 0.5771484375 0.5433238625000001 0.5537109375 0.5433238625000001 0.5292968765625 0.5770980484375 0.5 0.656393965625 0.48828125 0.709257909375 0.484375 0.8502284250000001 0.4931640625 0.8634444109375 0.53125 0.8678497390625 0.5498046875 0.8634444109375 0.5625 0.8326071109375001 0.5859375 0.6945734796874999 0.59765625 0.65933085
30 0.6875 0.6769521640625 0.6953125 0.6328988796874999 0.6767578125 0.602061578125 0.6591796875 0.602061578125 0.6171875 0.65933085 0.5996093765625 0.79736448125 0.5859375 0.8149857953125 0.57421875 0.8590390812500001 0.5605468765625 0.96476696875 0.5625 0.9911989406249999 0.5712890625 0.9985411546874999 0.65234375 0.9970727125 0.6699218765625 0.950082540625 0.6699218765625 0.8061751375 0.6855468765625 0.7650587375 0.6875 0.6769521640625
30 0.78515625 0.571224278125 0.7685546875 0.5521345203125 0.7333984375 0.5521345203125 0.7246093765625 0.562413621875 0.703125 0.65052019375 0.703125 0.6916365953125 0.7109375 0.718068565625 0.71484375 0.938334996875 0.7167968765625 0.96476696875 0.7294921875 0.9956042703125 0.765625 0.9970727125 0.8115234375 0.9956042703125 0.81640625 0.9882620546875 0.8066406234375 0.6740152796875 0.78515625 0.571224278125
30 0.9355468765625 0.7210054515625 0.9277343765625 0.6740152796875 0.9003906234375 0.60940379375 0.9003906234375 0.5947193640624999 0.8847656234375 0.559476734375 0.88671875 0.5447923078125 0.87890625 0.5389185359375 0.8808593765625 0.5271709921875 0.8583984375 0.5080812328125 0.8574218765625 0.521297221875 0.8671875 0.52423410625 0.8583984375 0.5491976359375 0.8144531234375 0.5447923078125 0.8183593765625 0.5917824796875 0.8359375 0.6211513359375 0.8339843765625 0.65052019375 0.8740234375 0.6696099515625 0.87890625 0.6828259359375 0.8417968765625 0.6769521640625 0.8496093765625 0.7474374218750001 0.8300781234375 0.8120489093750001 0.82421875 0.86197596875 0.828125 0.9236505671874999 0.8466796875 0.9956042703125 0.9316406234375 0.9970727125 0.9394531234375 0.9853251703125 0.9375 0.75331119375 0.9316406234375 0.7503743093749999 0.9355468765625 0.7210054515625
30 1 0.571224278125 0.9892578125 0.5638820640625 0.9472656234375 0.5859087078125 0.94921875 0.644646421875 0.9550781234375 0.65933085 0.9433593765625 0.697510365625 0.94140625 0.7298161078125001 0.953125 0.8061751375 0.96484375 0.8355439953125 0.97265625 0.96476696875 0.9833984375 0.9867936125 1 0.9911989406249999 1 0.571224278125
30 1 0.497802134375 0.9589843765625 0.40088490468750004 0.94921875 0.3480209609375 0.9267578125 0.3113098890625 0.8896484375 0.3113098890625 0.8769531234375 0.3450840765625 0.88671875 0.371516046875 0.87890625 0.41850621875 0.8886718765625 0.456685734375 0.9091796875 0.49339680625 0.9462890625 0.5168918921875 0.9677734375 0.5550714046875 1 0.55653985 1 0.497802134375