17 0.87890625 0.222720478125 0.873046875 0.20179372187500003 0.8603515625 0.1853512703125 0.8427734375 0.1853512703125 0.6630859375 0.23318385625000002 0.6259765625 0.23318385625000002 0.6083984375 0.22720478281249998 0.5771484375 0.2301943203125 0.5517578125 0.2541106125 0.548828125 0.2735426015625 0.568359375 0.34230194375 0.5849609375 0.3677130046875 0.587890625 0.3662182359375 0.7744140625 0.2989536625 0.8583984375 0.28699551562500003 0.8828125 0.2705530640625 0.87890625 0.222720478125
17 0.4697265625 0.412556053125 0.470703125 0.3991031390625 0.458984375 0.33632287031249997 0.4501953125 0.3348281015625 0.4365234375 0.349775784375 0.4287109375 0.349775784375 0.4140625 0.33632287031249997 0.4140625 0.32735425937499996 0.443359375 0.2914798203125 0.4345703125 0.28699551562500003 0.3759765625 0.3049327359375 0.1650390625 0.38863976093749997 0.15234375 0.4110612859375 0.15234375 0.446935725 0.169921875 0.5037369203125001 0.1767578125 0.5142002984375 0.1875 0.5156950671875 0.2373046875 0.5142002984375 0.2568359375 0.508221225 0.3330078125 0.46636771250000003 0.4697265625 0.412556053125
17 0.794921875 0.5067264578125 0.783203125 0.402092675 0.7666015625 0.3826606875 0.7451171875 0.3766816140625 0.7236328125 0.38863976093749997 0.716796875 0.402092675 0.716796875 0.42899850468749995 0.708984375 0.4738415546875 0.708984375 0.51270553125 0.71875 0.5665171890625 0.7353515625 0.585949178125 0.75390625 0.587443946875 0.7763671875 0.57698056875 0.7890625 0.5575485796875 0.794921875 0.5366218234375 0.794921875 0.5067264578125
17 0.6982421875 0.40657698125 0.6826171875 0.412556053125 0.66796875 0.434977578125 0.65234375 0.4648729453125 0.646484375 0.497757846875 0.640625 0.5067264578125 0.642578125 0.5754857999999999 0.650390625 0.6023916296875 0.6611328125 0.6128550078125 0.68359375 0.6113602390625 0.6962890625 0.6008968609374999 0.70703125 0.5754857999999999 0.70703125 0.42600896875 0.6982421875 0.40657698125
17 0.916015625 0.7518684609374999 0.8896484375 0.711509715625 0.8720703125 0.711509715625 0.8642578125 0.69955156875 0.8525390625 0.6965620328125001 0.8447265625 0.70254110625 0.833984375 0.72496263125 0.8359375 0.7608370703125 0.8623046875 0.8071748875000001 0.8701171875 0.8131539609375 0.884765625 0.8116591921874999 0.8974609375 0.8071748875000001 0.9140625 0.7817638265625 0.91796875 0.7668161437500001 0.916015625 0.7518684609374999
17 0.716796875 0.8325859484375 0.7060546875 0.810164425 0.6884765625 0.810164425 0.6806640625 0.795216740625 0.6767578125 0.795216740625 0.625 0.8236173390625 0.623046875 0.862481315625 0.630859375 0.8893871453125 0.6416015625 0.902840059375 0.65234375 0.9043348281249999 0.7080078125 0.8759342296874999 0.71484375 0.8654708515625 0.71875 0.8475336328124999 0.716796875 0.8325859484375
17 0.3017578125 0.8550074734375 0.2861328125 0.843049328125 0.2705078125 0.840059790625 0.2548828125 0.8490284000000001 0.24609375 0.862481315625 0.23046875 0.9013452921875 0.228515625 0.9312406578125 0.234375 0.9551569499999999 0.2431640625 0.9626307921875 0.2529296875 0.9626307921875 0.2607421875 0.9536621828125 0.2724609375 0.968609865625 0.28125 0.967115096875 0.291015625 0.9551569499999999 0.306640625 0.916292975 0.314453125 0.883408071875 0.3017578125 0.8550074734375
17 0.244140625 0.754857996875 0.2373046875 0.7174887890625 0.177734375 0.733931240625 0.177734375 0.7698056796875 0.185546875 0.8176382656250001 0.20703125 0.8176382656250001 0.2412109375 0.8131539609375 0.2578125 0.799701046875 0.2578125 0.7877429 0.244140625 0.754857996875
17 0.1806640625 0.7294469359375 0.2353515625 0.714499253125 0.2421875 0.650224215625 0.2353515625 0.648729446875 0.1005859375 0.7294469359375 0.095703125 0.7369207765625 0.095703125 0.757847534375 0.103515625 0.7698056796875 0.10546875 0.7937219734375 0.1162109375 0.810164425 0.126953125 0.80866965625 0.1728515625 0.7772795218749999 0.177734375 0.7668161437500001 0.17578125 0.7369207765625 0.1806640625 0.7294469359375
17 0.671875 0.10911808593750001 0.666015625 0.094170403125 0.6494140625 0.074738415625 0.6201171875 0.0777279515625 0.52734375 0.21375186875000002 0.5234375 0.22869955156250002 0.5341796875 0.24215246562499998 0.5390625 0.2406576984375 0.5986328125 0.21823617343750001 0.6630859375 0.16143497812500002 0.671875 0.139013453125 0.671875 0.10911808593750001
17 0.84765625 0.0911808671875 0.8427734375 0.083707025 0.8330078125 0.083707025 0.6865234375 0.1644245140625 0.62109375 0.2197309421875 0.6220703125 0.224215246875 0.6416015625 0.2301943203125 0.658203125 0.22869955156250002 0.8603515625 0.182361734375 0.865234375 0.1778774296875 0.865234375 0.159940209375 0.84765625 0.0911808671875