17 0.1171875 0.2705530640625 0.1416015625 0.28699551562500003 0.2255859375 0.2989536625 0.412109375 0.3662182359375 0.4150390625 0.3677130046875 0.431640625 0.34230194375 0.451171875 0.2735426015625 0.4482421875 0.2541106125 0.4228515625 0.2301943203125 0.3916015625 0.22720478281249998 0.3740234375 0.23318385625000002 0.3369140625 0.23318385625000002 0.1572265625 0.1853512703125 0.1396484375 0.1853512703125 0.126953125 0.20179372187500003 0.12109375 0.222720478125 0.1171875 0.2705530640625
17 0.6669921875 0.46636771250000003 0.7431640625 0.508221225 0.7626953125 0.5142002984375 0.8125 0.5156950671875 0.8232421875 0.5142002984375 0.830078125 0.5037369203125001 0.84765625 0.446935725 0.84765625 0.4110612859375 0.8349609375 0.38863976093749997 0.6240234375 0.3049327359375 0.5654296875 0.28699551562500003 0.556640625 0.2914798203125 0.5859375 0.32735425937499996 0.5859375 0.33632287031249997 0.5712890625 0.349775784375 0.5634765625 0.349775784375 0.5498046875 0.3348281015625 0.541015625 0.33632287031249997 0.529296875 0.3991031390625 0.5302734375 0.412556053125 0.6669921875 0.46636771250000003
17 0.205078125 0.5366218234375 0.2109375 0.5575485796875 0.2236328125 0.57698056875 0.24609375 0.587443946875 0.2646484375 0.585949178125 0.28125 0.5665171890625 0.291015625 0.51270553125 0.291015625 0.4738415546875 0.283203125 0.42899850468749995 0.283203125 0.402092675 0.2763671875 0.38863976093749997 0.2548828125 0.3766816140625 0.2333984375 0.3826606875 0.216796875 0.402092675 0.205078125 0.5067264578125 0.205078125 0.5366218234375
17 0.29296875 0.42600896875 0.29296875 0.5754857999999999 0.3037109375 0.6008968609374999 0.31640625 0.6113602390625 0.3388671875 0.6128550078125 0.349609375 0.6023916296875 0.357421875 0.5754857999999999 0.359375 0.5067264578125 0.353515625 0.497757846875 0.34765625 0.4648729453125 0.33203125 0.434977578125 0.3173828125 0.412556053125 0.3017578125 0.40657698125 0.29296875 0.42600896875
17 0.08203125 0.7668161437500001 0.0859375 0.7817638265625 0.1025390625 0.8071748875000001 0.115234375 0.8116591921874999 0.1298828125 0.8131539609375 0.1376953125 0.8071748875000001 0.1640625 0.7608370703125 0.166015625 0.72496263125 0.1552734375 0.70254110625 0.1474609375 0.6965620328125001 0.1357421875 0.69955156875 0.1279296875 0.711509715625 0.1103515625 0.711509715625 0.083984375 0.7518684609374999 0.08203125 0.7668161437500001
17 0.28125 0.8475336328124999 0.28515625 0.8654708515625 0.2919921875 0.8759342296874999 0.34765625 0.9043348281249999 0.3583984375 0.902840059375 0.369140625 0.8893871453125 0.376953125 0.862481315625 0.375 0.8236173390625 0.3232421875 0.795216740625 0.3193359375 0.795216740625 0.3115234375 0.810164425 0.2939453125 0.810164425 0.283203125 0.8325859484375 0.28125 0.8475336328124999
17 0.685546875 0.883408071875 0.693359375 0.916292975 0.708984375 0.9551569499999999 0.71875 0.967115096875 0.7275390625 0.968609865625 0.7392578125 0.9536621828125 0.7470703125 0.9626307921875 0.7568359375 0.9626307921875 0.765625 0.9551569499999999 0.771484375 0.9312406578125 0.76953125 0.9013452921875 0.75390625 0.862481315625 0.7451171875 0.8490284000000001 0.7294921875 0.840059790625 0.7138671875 0.843049328125 0.6982421875 0.8550074734375 0.685546875 0.883408071875
17 0.7421875 0.7877429 0.7421875 0.799701046875 0.7587890625 0.8131539609375 0.79296875 0.8176382656250001 0.814453125 0.8176382656250001 0.822265625 0.7698056796875 0.822265625 0.733931240625 0.7626953125 0.7174887890625 0.755859375 0.754857996875 0.7421875 0.7877429
17 0.82421875 0.7369207765625 0.822265625 0.7668161437500001 0.8271484375 0.7772795218749999 0.873046875 0.80866965625 0.8837890625 0.810164425 0.89453125 0.7937219734375 0.896484375 0.7698056796875 0.904296875 0.757847534375 0.904296875 0.7369207765625 0.8994140625 0.7294469359375 0.7646484375 0.648729446875 0.7578125 0.650224215625 0.7646484375 0.714499253125 0.8193359375 0.7294469359375 0.82421875 0.7369207765625
17 0.328125 0.139013453125 0.3369140625 0.16143497812500002 0.4013671875 0.21823617343750001 0.4609375 0.2406576984375 0.4658203125 0.24215246562499998 0.4765625 0.22869955156250002 0.47265625 0.21375186875000002 0.3798828125 0.0777279515625 0.3505859375 0.074738415625 0.333984375 0.094170403125 0.328125 0.10911808593750001 0.328125 0.139013453125
17 0.134765625 0.159940209375 0.134765625 0.1778774296875 0.1396484375 0.182361734375 0.341796875 0.22869955156250002 0.3583984375 0.2301943203125 0.3779296875 0.224215246875 0.37890625 0.2197309421875 0.3134765625 0.1644245140625 0.1669921875 0.083707025 0.1572265625 0.083707025 0.15234375 0.0911808671875 0.134765625 0.159940209375