17 0.58984375 0.3486328125 0.5830078125 0.33984375 0.572265625 0.3369140625 0.58203125 0.3349609375 0.58203125 0.3017578125 0.5673828125 0.296875 0.5537109375 0.296875 0.5458984375 0.30078125 0.5400390625 0.296875 0.5029296875 0.298828125 0.49609375 0.3056640625 0.49609375 0.3740234375 0.490234375 0.4365234375 0.48828125 0.5048828125 0.5107421875 0.501953125 0.5224609375 0.5078125 0.55078125 0.5341796875 0.552734375 0.5478515625 0.5556640625 0.55078125 0.560546875 0.5498046875 0.58203125 0.5244140625 0.58984375 0.4150390625 0.59375 0.3974609375 0.58984375 0.3486328125
17 0.4140625 0.5224609375 0.431640625 0.4365234375 0.419921875 0.4150390625 0.404296875 0.3974609375 0.330078125 0.2861328125 0.3251953125 0.28125 0.3173828125 0.28125 0.2783203125 0.302734375 0.275390625 0.3115234375 0.314453125 0.4013671875 0.322265625 0.4130859375 0.330078125 0.4443359375 0.3515625 0.5009765625 0.37890625 0.6044921875 0.38671875 0.6240234375 0.392578125 0.6259765625 0.404296875 0.5810546875 0.41015625 0.5478515625 0.41015625 0.5263671875 0.4140625 0.5224609375
17 0.349609375 0.4970703125 0.328125 0.4423828125 0.3203125 0.4130859375 0.255859375 0.2646484375 0.2509765625 0.259765625 0.2138671875 0.255859375 0.1806640625 0.265625 0.1572265625 0.27734375 0.150390625 0.2841796875 0.150390625 0.2900390625 0.169921875 0.3427734375 0.177734375 0.3798828125 0.220703125 0.5224609375 0.255859375 0.6591796875 0.2685546875 0.66796875 0.2919921875 0.673828125 0.3193359375 0.677734375 0.337890625 0.6767578125 0.3583984375 0.6640625 0.380859375 0.6416015625 0.3828125 0.6201171875 0.349609375 0.4970703125
17 0.1533203125 0.4609375 0.1669921875 0.4609375 0.1806640625 0.466796875 0.18359375 0.4638671875 0.16015625 0.4228515625 0.0859375 0.3095703125 0.0771484375 0.302734375 0.0634765625 0.302734375 0.0478515625 0.310546875 0.04296875 0.3154296875 0.041015625 0.3291015625 0.017578125 0.3466796875 0.013671875 0.3525390625 0.013671875 0.3681640625 0.1015625 0.4912109375 0.119140625 0.5146484375 0.123046875 0.5146484375 0.12890625 0.5068359375 0.125 0.4814453125 0.1376953125 0.46875 0.1533203125 0.4609375
17 0.1708984375 0.466796875 0.169921875 0.4697265625 0.181640625 0.4794921875 0.1669921875 0.48046875 0.1494140625 0.48828125 0.130859375 0.5048828125 0.123046875 0.5185546875 0.14453125 0.5986328125 0.1484375 0.6064453125 0.1669921875 0.625 0.1865234375 0.638671875 0.2216796875 0.654296875 0.2353515625 0.658203125 0.25 0.6572265625 0.25 0.6416015625 0.208984375 0.4912109375 0.1884765625 0.47265625 0.1708984375 0.466796875
17 0.662109375 0.4697265625 0.697265625 0.4111328125 0.697265625 0.3916015625 0.6875 0.3447265625 0.677734375 0.2568359375 0.6728515625 0.25 0.6630859375 0.24609375 0.6298828125 0.24609375 0.6123046875 0.25 0.5908203125 0.259765625 0.580078125 0.2724609375 0.587890625 0.3388671875 0.603515625 0.4072265625 0.607421875 0.4521484375 0.62109375 0.5048828125 0.626953125 0.5126953125 0.638671875 0.4814453125 0.6455078125 0.474609375 0.6572265625 0.474609375 0.662109375 0.4697265625
17 0.4990234375 0.615234375 0.5234375 0.5888671875 0.552734375 0.5498046875 0.55078125 0.5361328125 0.5419921875 0.525390625 0.5146484375 0.50390625 0.5009765625 0.501953125 0.4912109375 0.5078125 0.4736328125 0.509765625 0.404296875 0.6240234375 0.4052734375 0.626953125 0.408203125 0.6259765625 0.4267578125 0.615234375 0.4501953125 0.59375 0.4794921875 0.595703125 0.4990234375 0.615234375
17 0.576171875 0.5478515625 0.5732421875 0.541015625 0.568359375 0.5439453125 0.5712890625 0.548828125 0.576171875 0.5478515625
17 0.8076171875 0.369140625 0.8291015625 0.369140625 0.83203125 0.3642578125 0.83203125 0.3583984375 0.8193359375 0.34765625 0.8017578125 0.341796875 0.7822265625 0.330078125 0.7568359375 0.32421875 0.75 0.3291015625 0.734375 0.3525390625 0.66015625 0.4736328125 0.66015625 0.4775390625 0.6650390625 0.48046875 0.7197265625 0.501953125 0.728515625 0.5087890625 0.7314453125 0.515625 0.740234375 0.5146484375 0.775390625 0.4619140625 0.7890625 0.4228515625 0.796875 0.3779296875 0.8076171875 0.369140625
17 0.8515625 0.2392578125 0.865234375 0.2080078125 0.87109375 0.1806640625 0.8701171875 0.171875 0.8486328125 0.166015625 0.8388671875 0.166015625 0.826171875 0.1806640625 0.81640625 0.2001953125 0.8076171875 0.20703125 0.7978515625 0.201171875 0.7900390625 0.189453125 0.7802734375 0.189453125 0.77734375 0.1923828125 0.75390625 0.3115234375 0.7548828125 0.32421875 0.7841796875 0.330078125 0.7978515625 0.33984375 0.8193359375 0.34765625 0.82421875 0.3466796875 0.833984375 0.3115234375 0.833984375 0.2939453125 0.849609375 0.2529296875 0.8515625 0.2392578125
17 0.76953125 0.2333984375 0.767578125 0.2197265625 0.771484375 0.2138671875 0.771484375 0.2060546875 0.7177734375 0.181640625 0.7080078125 0.181640625 0.703125 0.1865234375 0.67578125 0.2431640625 0.689453125 0.3466796875 0.69140625 0.3544921875 0.6953125 0.3564453125 0.7060546875 0.349609375 0.7353515625 0.349609375 0.751953125 0.3251953125 0.76953125 0.2333984375
17 0.505859375 0.1669921875 0.494140625 0.1962890625 0.486328125 0.2314453125 0.5029296875 0.236328125 0.548828125 0.2373046875 0.56640625 0.1826171875 0.5439453125 0.169921875 0.5126953125 0.16015625 0.505859375 0.1669921875
17 0.49609375 0.3642578125 0.49609375 0.3037109375 0.4990234375 0.298828125 0.5185546875 0.298828125 0.5302734375 0.294921875 0.5517578125 0.296875 0.5625 0.2919921875 0.568359375 0.2724609375 0.5703125 0.2509765625 0.5556640625 0.240234375 0.5146484375 0.23828125 0.4892578125 0.232421875 0.47265625 0.2568359375 0.458984375 0.2998046875 0.455078125 0.3349609375 0.412109375 0.5322265625 0.3984375 0.6103515625 0.3984375 0.6240234375 0.40234375 0.6240234375 0.4296875 0.5830078125 0.470703125 0.5107421875 0.486328125 0.5029296875 0.49609375 0.3642578125
17 0.662109375 0.5732421875 0.650390625 0.5576171875 0.6279296875 0.5390625 0.6123046875 0.53125 0.5908203125 0.53125 0.556640625 0.5693359375 0.544921875 0.5888671875 0.505859375 0.6357421875 0.5 0.6513671875 0.4921875 0.6591796875 0.4990234375 0.6796875 0.51953125 0.6787109375 0.5634765625 0.673828125 0.5986328125 0.666015625 0.662109375 0.5908203125 0.662109375 0.5732421875
17 0.76953125 0.5927734375 0.775390625 0.5849609375 0.78125 0.5654296875 0.771484375 0.5576171875 0.765625 0.5439453125 0.7470703125 0.52734375 0.7294921875 0.517578125 0.7236328125 0.517578125 0.689453125 0.5556640625 0.66796875 0.5830078125 0.66015625 0.5986328125 0.609375 0.6591796875 0.6123046875 0.662109375 0.619140625 0.6611328125 0.6728515625 0.646484375 0.7353515625 0.619140625 0.7568359375 0.60546875 0.76953125 0.5927734375