24 0.496875 0.178125 0.0953125 0.2265625
24 0.365625 0.23203125 0.121875 0.196875
24 0.259375 0.28671875 0.1609375 0.18359375
24 0.5203125 0.36796875 0.16953125 0.2796875
24 0.67109375 0.28984375 0.17109375 0.30234375
24 0.70703125 0.48828125 0.1734375 0.196875
24 0.91953125 0.13984375 0.11796875 0.19375
24 0.25 0.259375 0.14765625 0.21796875
24 0.2390625 0.4640625 0.21953125 0.26328125
24 0.0765625 0.39375 0.1390625 0.228125
24 0.5546875 0.671875 0.21328125 0.44453125
24 0.38203125 0.6609375 0.2453125 0.5171875
24 0.81875 0.66875 0.18203125 0.37890625
24 0.23359375 0.86875 0.175 0.2625
24 0.09765625 0.7625 0.16953125 0.290625
24 0.06640625 0.56796875 0.1328125 0.26328125
24 0.91953125 0.83515625 0.1578125 0.3296875