39 0.38828125 0.4703125 0.16328125 0.2421875
39 0.72890625 0.3703125 0.1828125 0.1859375
39 0.21953125 0.4609375 0.13828125 0.21171875
39 0.50546875 0.48984375 0.146875 0.1765625
39 0.30546875 0.71328125 0.15078125 0.16171875
39 0.5734375 0.69296875 0.853125 0.6140625
39 0.18984375 0.1765625 0.15625 0.20859375
39 0.1125 0.3515625 0.17421875 0.215625
39 0.42890625 0.24609375 0.12421875 0.21796875
39 0.5640625 0.20703125 0.14375 0.225
39 0.665625 0.62890625 0.13671875 0.23828125
39 0.1921875 0.51484375 0.35859375 0.9703125
39 1 0.6731770828125 0.9833984375 0.6484375 0.9697265625 0.640625 0.9462890625 0.640625 0.9111328125 0.6588541671875 0.892578125 0.6809895828125 0.880859375 0.7174479171875 0.880859375 0.7356770828125 0.888671875 0.7669270828125 0.9072265625 0.7916666671875 0.9287109375 0.7994791671875 0.9404296875 0.796875 0.951171875 0.8059895828125001 0.9306640625 0.8203125 0.912109375 0.84765625 0.90625 0.86328125 0.9052734375 0.8854166671874999 0.892578125 0.8372395828125001 0.8662109375 0.796875 0.8447265625 0.7838541671875 0.8115234375 0.7864583328125 0.7900390625 0.7994791671875 0.767578125 0.83203125 0.75390625 0.87109375 0.75390625 0.9049479171874999 0.7275390625 0.9114583328125001 0.6982421875 0.9348958328125001 0.68359375 0.9596354171874999 0.67578125 0.9856770828125001 0.6767578125 0.9973958328125001 0.8076171875 0.9973958328125001 0.8095703125 0.9895833328125001 0.8232421875 0.9947916671874999 0.8544921875 0.9895833328125001 0.8720703125 0.9791666671874999 0.890625 0.9544270828125001 0.900390625 0.9309895828125001 0.9052734375 0.9010416671874999 0.90625 0.9544270828125001 0.9267578125 0.9947916671874999 1 0.99609375 1 0.80078125 0.96875 0.7981770828125 0.9833984375 0.7942708328125 1 0.77734375 1 0.6731770828125