60 0.8515625 0.7866413109375 0.853515625 0.7601748749999999 0.828125 0.7101827171874999 0.7998046875 0.6704830609375 0.7685546875 0.644016625 0.7490234375 0.6351944796875 0.7177734375 0.5969651812500001 0.6943359375 0.5910837515625 0.6884765625 0.5940244671875 0.68359375 0.6013762546875 0.685546875 0.6454869828125 0.708984375 0.7013605703125 0.7548828125 0.770467378125 0.7900390625 0.8028152453124999 0.82421875 0.8513370453125001 0.830078125 0.9042699187500001 0.8369140625 0.9145624218749999 0.8603515625 0.9380881437499999 0.87109375 0.9366177859375 0.8857421875 0.9263252828124999 0.89453125 0.9101513484374999 0.861328125 0.8336927546874999 0.8515625 0.7866413109375
60 0.92578125 0.7513527296875 0.8955078125 0.6998902140625 0.8662109375 0.6646016312499999 0.8232421875 0.6351944796875 0.7939453125 0.6293130484375 0.79296875 0.633724121875 0.810546875 0.654309128125 0.8076171875 0.667542346875 0.798828125 0.6660719890625 0.83203125 0.716064146875 0.8447265625 0.744000940625 0.8642578125 0.7616452328125 0.880859375 0.7866413109375 0.888671875 0.8042856015625001 0.890625 0.8189891781249999 0.8984375 0.8278113234375001 0.904296875 0.8454556140625 0.9111328125 0.852807403125 0.91796875 0.8513370453125001 0.9296875 0.8395741843750001 0.93359375 0.8189891781249999 0.93359375 0.777819165625 0.92578125 0.7513527296875
60 0.951171875 0.9424992156249999 0.927734375 0.8836849125 0.8984375 0.8425149 0.892578125 0.8248706078125 0.8701171875 0.8028152453124999 0.8583984375 0.8028152453124999 0.857421875 0.8189891781249999 0.865234375 0.8454556140625 0.89453125 0.9042699187500001 0.892578125 0.9219142093749999 0.91015625 0.9572027921874999 0.9306640625 0.9880803015625 0.9462890625 0.9998431625 0.98046875 0.9983728046874999 0.986328125 0.9954320890625 0.984375 0.983669228125 0.9677734375 0.9674952953125 0.951171875 0.9424992156249999
60 0.978515625 0.8395741843750001 0.9638671875 0.8204595359375 0.9521484375 0.8204595359375 0.9423828125 0.82928168125 0.931640625 0.8454556140625 0.92578125 0.8630999062500001 0.92578125 0.87780348125 0.931640625 0.8983884874999999 0.951171875 0.9424992156249999 0.95703125 0.9424992156249999 0.970703125 0.9160327796875001 0.982421875 0.8719220515625 0.982421875 0.8513370453125001 0.978515625 0.8395741843750001
60 0.857421875 0.6013762546875 0.8251953125 0.5469730234375 0.8056640625 0.544032309375 0.7958984375 0.5499137390625 0.79296875 0.5572655265625001 0.794921875 0.5749098187499999 0.80078125 0.592554109375 0.7978515625 0.599905896875 0.787109375 0.607257684375 0.7890625 0.6249019765625 0.8330078125 0.641075909375 0.841796875 0.6396055515625 0.8486328125 0.6351944796875 0.8603515625 0.6381351937499999 0.86328125 0.633724121875 0.857421875 0.6013762546875
60 0.8720703125 0.9410288578125 0.8564453125 0.9380881437499999 0.8408203125 0.9498510031249999 0.8134765625 0.9439695734375 0.796875 0.9572027921874999 0.796875 0.9660249375 0.8154296875 0.9998431625 0.89453125 0.9983728046874999 0.896484375 0.9807285125 0.890625 0.96014350625 0.8818359375 0.9469102890625001 0.8720703125 0.9410288578125
60 0.828125 0.880744196875 0.8203125 0.8483963296875 0.7880859375 0.805755959375 0.7802734375 0.7998745296875 0.7705078125 0.8028152453124999 0.76171875 0.8189891781249999 0.78515625 0.8542777609375 0.787109375 0.8748627671874999 0.7841796875 0.8792738390625001 0.7705078125 0.8557481171875001 0.7412109375 0.8351631109375001 0.7099609375 0.82928168125 0.6650390625 0.82928168125 0.662109375 0.8336927546874999 0.6640625 0.8866256281249999 0.65625 0.9130920640625 0.650390625 0.9219142093749999 0.6533203125 0.9263252828124999 0.6650390625 0.9263252828124999 0.6962890625 0.91162170625 0.7236328125 0.9145624218749999 0.7880859375 0.955732434375 0.796875 0.9542620765625 0.8115234375 0.9439695734375 0.82421875 0.924854925 0.828125 0.9130920640625 0.828125 0.880744196875
60 0.7392578125 0.5675580296875 0.7373046875 0.5734394609375 0.7333984375 0.5675580296875 0.6943359375 0.5704987453125 0.6630859375 0.564617315625 0.6357421875 0.5528544546874999 0.6259765625 0.5528544546874999 0.615234375 0.5631469578125 0.6181640625 0.5675580296875 0.6416015625 0.5675580296875 0.6533203125 0.5734394609375 0.669921875 0.5954948250000001 0.6787109375 0.62343161875 0.68359375 0.5984355390625 0.6904296875 0.5910837515625 0.6962890625 0.5910837515625 0.7177734375 0.5969651812500001 0.7470703125 0.6322537640625 0.7548828125 0.6381351937499999 0.763671875 0.6366648374999999 0.775390625 0.6249019765625 0.771484375 0.613139115625 0.7548828125 0.5969651812500001 0.7392578125 0.5675580296875
60 0.8759765625 0.6293130484375 0.8720703125 0.6293130484375 0.859375 0.654309128125 0.9033203125 0.6940087828125 0.9091796875 0.6910680671875 0.92578125 0.695479140625 0.947265625 0.6837162796875 0.94921875 0.67195341875 0.9443359375 0.661660915625 0.8759765625 0.6293130484375
60 0.9345703125 0.6381351937499999 0.9189453125 0.6381351937499999 0.91015625 0.6454869828125 0.9462890625 0.661660915625 0.94921875 0.67783485 0.935546875 0.695479140625 0.9560546875 0.7175345046875 0.9794921875 0.7351787953125 0.986328125 0.7337084375 0.98828125 0.7219455765625 0.9765625 0.6866569953125 0.9521484375 0.6498980546875 0.9345703125 0.6381351937499999
60 0.880859375 0.5219769453125 0.875 0.4778662171875 0.8662109375 0.46757371406250003 0.8544921875 0.4705144296875 0.8515625 0.4808069328125 0.85546875 0.49256979375 0.8408203125 0.49404015 0.837890625 0.504332653125 0.83984375 0.524917659375 0.8515625 0.5631469578125 0.8818359375 0.626372334375 0.8994140625 0.641075909375 0.91015625 0.6396055515625 0.916015625 0.633724121875 0.91796875 0.6249019765625 0.916015625 0.5807912484375 0.880859375 0.5219769453125
60 0.9765625 0.6807755640625001 0.986328125 0.7190048625000001 0.9833984375 0.7351787953125 0.9560546875 0.7175345046875 0.9462890625 0.70577164375 0.935546875 0.7072420015625001 0.935546875 0.71312343125 0.9453125 0.7278270078125 0.9453125 0.7454712984375 0.94140625 0.757234159375 0.9599609375 0.7792895234375 0.96484375 0.777819165625 0.9814453125 0.7587045171875 1 0.757234159375 0.9990234375 0.6704830609375 0.9765625 0.6807755640625001
60 0.9287109375 0.55579516875 0.9072265625 0.544032309375 0.904296875 0.5572655265625001 0.9140625 0.5749098187499999 0.91796875 0.592554109375 0.916015625 0.633724121875 0.9189453125 0.6381351937499999 0.9404296875 0.641075909375 0.9599609375 0.6587202 0.966796875 0.6572498437500001 0.970703125 0.6425462671875 0.966796875 0.61607983125 0.958984375 0.5954948250000001 0.9287109375 0.55579516875
60 0.677734375 0.6425462671875 0.673828125 0.607257684375 0.6591796875 0.579320890625 0.6474609375 0.5704987453125 0.6103515625 0.5704987453125 0.595703125 0.592554109375 0.591796875 0.6101984 0.595703125 0.6513684125 0.60546875 0.6807755640625001 0.630859375 0.7248862921875 0.6669921875 0.770467378125 0.671875 0.7689970203125001 0.68359375 0.7513527296875 0.69140625 0.7219455765625 0.69140625 0.695479140625 0.677734375 0.6425462671875
60 0.8271484375 0.435225846875 0.8193359375 0.435225846875 0.7998046875 0.455810853125 0.744140625 0.489629078125 0.744140625 0.49551050781250006 0.76953125 0.527858375 0.775390625 0.54844338125 0.78125 0.551384096875 0.8017578125 0.54109159375 0.814453125 0.5219769453125 0.83203125 0.45728121093749996 0.8271484375 0.435225846875
60 0.9013671875 0.38817440468750003 0.8837890625 0.39111511875 0.875 0.40140762187499995 0.8671875 0.42493334374999997 0.873046875 0.46904407187499997 0.8837890625 0.4852180046875 0.9072265625 0.502862296875 0.9130859375 0.5146251562499999 0.919921875 0.5131548 0.9296875 0.504332653125 0.931640625 0.48668836249999997 0.923828125 0.4190519140625 0.9013671875 0.38817440468750003
60 0.7392578125 0.49109943593749994 0.7177734375 0.476395859375 0.7021484375 0.47345514375000003 0.6708984375 0.455810853125 0.6591796875 0.455810853125 0.5986328125 0.4234629859375 0.5791015625 0.4264037015625 0.560546875 0.448459065625 0.560546875 0.47198478593750004 0.564453125 0.48668836249999997 0.5947265625 0.5322694484375 0.6474609375 0.558735884375 0.6826171875 0.5675580296875 0.7255859375 0.5675580296875 0.7412109375 0.558735884375 0.74609375 0.5837319640625 0.7607421875 0.6028466124999999 0.767578125 0.6043169703125 0.77734375 0.586672678125 0.775390625 0.545502665625 0.771484375 0.5337398062500001 0.7392578125 0.49109943593749994
60 0.650390625 0.798404171875 0.6328125 0.7660563046875 0.6025390625 0.7204752203125 0.5908203125 0.708712359375 0.5576171875 0.688127353125 0.5419921875 0.6910680671875 0.537109375 0.7013605703125 0.55078125 0.7278270078125 0.5703125 0.7513527296875 0.580078125 0.7866413109375 0.5947265625 0.7969338140625 0.609375 0.8219298937499999 0.6171875 0.8513370453125001 0.6171875 0.8925070578125001 0.6435546875 0.9204438515625 0.650390625 0.91897349375 0.65625 0.9101513484374999 0.6640625 0.880744196875 0.662109375 0.83663346875 0.650390625 0.798404171875
60 0.6171875 0.8513370453125001 0.609375 0.8219298937499999 0.5947265625 0.7969338140625 0.5595703125 0.7792895234375 0.533203125 0.8131077484375 0.521484375 0.8483963296875 0.5234375 0.9042699187500001 0.53125 0.948380646875 0.53125 0.989550659375 0.5361328125 0.9998431625 0.59765625 0.9983728046874999 0.6015625 0.9924913734375 0.603515625 0.9689656531249999 0.611328125 0.9424992156249999 0.6171875 0.8513370453125001
60 0.525390625 0.9454399312499999 0.521484375 0.8454556140625 0.529296875 0.8131077484375 0.5185546875 0.7881116687499999 0.4970703125 0.7792895234375 0.482421875 0.8013448875 0.4765625 0.87780348125 0.48828125 0.924854925 0.48828125 0.9983728046874999 0.5078125 0.9983728046874999 0.51171875 0.9954320890625 0.513671875 0.9777877984375 0.521484375 0.9630842218750001 0.525390625 0.9454399312499999
60 0.470703125 0.8719220515625 0.48046875 0.83663346875 0.48046875 0.7807598812500001 0.4521484375 0.729297365625 0.447265625 0.7307677234375001 0.443359375 0.7513527296875 0.427734375 0.7660563046875 0.419921875 0.7895820265625 0.4140625 0.8189891781249999 0.416015625 0.8895663421875 0.412109375 0.9042699187500001 0.388671875 0.9395585000000001 0.376953125 0.9954320890625 0.3798828125 0.9998431625 0.423828125 0.9983728046874999 0.435546875 0.9689656531249999 0.4609375 0.9307363546874999 0.466796875 0.9130920640625 0.470703125 0.8719220515625
60 0.546875 0.7190048625000001 0.5263671875 0.688127353125 0.4814453125 0.6704830609375 0.4638671875 0.67930520625 0.4462890625 0.6969494984375 0.4375 0.71312343125 0.4423828125 0.723415934375 0.4521484375 0.7263566499999999 0.4775390625 0.764585946875 0.5146484375 0.785170953125 0.529296875 0.7837005953125 0.5498046875 0.7734080921875 0.556640625 0.7601748749999999 0.556640625 0.7454712984375 0.546875 0.7190048625000001
60 0.58984375 0.633724121875 0.5810546875 0.6293130484375 0.5556640625 0.5969651812500001 0.5068359375 0.5763801749999999 0.4716796875 0.5734394609375 0.4521484375 0.5616766 0.4384765625 0.5616766 0.4287109375 0.55579516875 0.4189453125 0.55579516875 0.412109375 0.566087671875 0.41015625 0.5807912484375 0.4150390625 0.5910837515625 0.4462890625 0.6175501875 0.4814453125 0.661660915625 0.5185546875 0.6851866375 0.55078125 0.6866569953125 0.5732421875 0.67930520625 0.59375 0.654309128125 0.59375 0.6425462671875 0.58984375 0.633724121875
60 0.5849609375 0.5293287328125 0.5458984375 0.5205065875 0.5048828125 0.49404015 0.4150390625 0.45875156875 0.3994140625 0.4469887078125 0.390625 0.45139977968749995 0.392578125 0.46904407187499997 0.408203125 0.49256979375 0.421875 0.527858375 0.4462890625 0.558735884375 0.4775390625 0.5734394609375 0.53125 0.571969103125 0.5732421875 0.564617315625 0.5888671875 0.5528544546874999 0.59375 0.5425619515625 0.5849609375 0.5293287328125
60 0.5498046875 0.3205379546875 0.5419921875 0.3205379546875 0.5302734375 0.3293601 0.494140625 0.3955261921875 0.501953125 0.442577634375 0.49609375 0.46610335625 0.48828125 0.4778662171875 0.48828125 0.48374764687500005 0.4951171875 0.49109943593749994 0.5361328125 0.5146251562499999 0.544921875 0.5131548 0.544921875 0.40140762187499995 0.552734375 0.36317832499999997 0.552734375 0.3278897421875 0.5498046875 0.3205379546875
60 0.6455078125 0.32641938593750003 0.6318359375 0.3234786703125 0.6103515625 0.33524153125 0.583984375 0.3337711734375 0.5908203125 0.3470043921875 0.6142578125 0.3675893984375 0.6279296875 0.3705301125 0.6357421875 0.37935225781250004 0.6513671875 0.3822929734375 0.6689453125 0.41170012500000003 0.6748046875 0.41170012500000003 0.6923828125 0.39699655 0.7099609375 0.39699655 0.7275390625 0.414640840625 0.73046875 0.41317048281249996 0.732421875 0.4043483375 0.7177734375 0.37935225781250004 0.6943359375 0.3675893984375 0.6455078125 0.32641938593750003
60 0.431640625 0.7513527296875 0.4248046875 0.7410602265625 0.3837890625 0.7351787953125 0.3583984375 0.74694165625 0.3173828125 0.7410602265625 0.2958984375 0.744000940625 0.2685546875 0.7557638015625 0.255859375 0.777819165625 0.259765625 0.7925227421875001 0.2841796875 0.8234002515625001 0.2958984375 0.832222396875 0.3046875 0.8307520390625 0.3291015625 0.8204595359375 0.3955078125 0.8145781046874999 0.419921875 0.7895820265625 0.431640625 0.7513527296875
60 0.3876953125 0.8263409656249999 0.3798828125 0.8204595359375 0.3486328125 0.8204595359375 0.3330078125 0.8351631109375001 0.326171875 0.8483963296875 0.318359375 0.8719220515625 0.318359375 0.8954477734375 0.3291015625 0.9204438515625 0.3486328125 0.9380881437499999 0.3681640625 0.9498510031249999 0.380859375 0.948380646875 0.38671875 0.9160327796875001 0.40234375 0.8748627671874999 0.400390625 0.8483963296875 0.3876953125 0.8263409656249999
60 0.408203125 0.49256979375 0.3916015625 0.4705144296875 0.373046875 0.49256979375 0.32421875 0.6043169703125 0.32421875 0.6513684125 0.3271484375 0.6557794859375 0.34375 0.654309128125 0.3525390625 0.6498980546875 0.369140625 0.63078340625 0.419921875 0.527858375 0.408203125 0.49256979375
60 0.4833984375 0.38817440468750003 0.4697265625 0.37641154375 0.4501953125 0.373470828125 0.4287109375 0.37935225781250004 0.4140625 0.3925854765625 0.412109375 0.42199262812500005 0.4228515625 0.45875156875 0.4736328125 0.4822772890625 0.484375 0.4808069328125 0.498046875 0.4602219265625 0.501953125 0.43375548906250005 0.49609375 0.41022976718750004 0.4833984375 0.38817440468750003
60 0.4326171875 0.37641154375 0.4716796875 0.37641154375 0.4873046875 0.3646486828125 0.509765625 0.3367118890625 0.525390625 0.29848259062500004 0.525390625 0.283779015625 0.5185546875 0.27642722656249996 0.4853515625 0.2793679421875 0.4697265625 0.3028936640625 0.4638671875 0.2970122328125 0.4384765625 0.291130803125 0.3857421875 0.29407151875 0.3486328125 0.3058343796875 0.3056640625 0.3440636765625 0.291015625 0.3720004703125 0.291015625 0.386704046875 0.2939453125 0.39111511875 0.3134765625 0.39699655 0.3251953125 0.41170012500000003 0.337890625 0.41022976718750004 0.3681640625 0.39993726406249996 0.4111328125 0.39405583437499997 0.4208984375 0.3822929734375 0.4326171875 0.37641154375
60 0.826171875 0.48374764687500005 0.8330078125 0.49109943593749994 0.849609375 0.489629078125 0.849609375 0.4778662171875 0.8369140625 0.45875156875 0.8330078125 0.45875156875 0.826171875 0.48374764687500005
60 0.7998046875 0.38817440468750003 0.7841796875 0.37935225781250004 0.7568359375 0.37935225781250004 0.7412109375 0.3852336890625 0.7314453125 0.37935225781250004 0.72265625 0.38082261562499997 0.728515625 0.3984669078125 0.744140625 0.4161111984375 0.73828125 0.43375548906250005 0.7412109375 0.4381665625 0.7724609375 0.46757371406250003 0.783203125 0.46610335625 0.8232421875 0.435225846875 0.826171875 0.43081477343749996 0.82421875 0.42199262812500005 0.7998046875 0.38817440468750003
60 0.375 0.48374764687500005 0.3291015625 0.49404015 0.2470703125 0.5499137390625 0.22265625 0.586672678125 0.21875 0.607257684375 0.2373046875 0.6322537640625 0.25 0.633724121875 0.2783203125 0.6146094734374999 0.3212890625 0.605787328125 0.369140625 0.504332653125 0.375 0.48374764687500005
60 0.328125 0.4396369203125 0.326171875 0.4161111984375 0.3173828125 0.4028779796875 0.3037109375 0.39405583437499997 0.2900390625 0.39405583437499997 0.2763671875 0.40581869531250003 0.26171875 0.427874059375 0.244140625 0.4808069328125 0.224609375 0.5190362296875 0.224609375 0.5396212359375 0.2353515625 0.5528544546874999 0.244140625 0.551384096875 0.2529296875 0.54109159375 0.2802734375 0.5263880171875 0.31640625 0.4808069328125 0.328125 0.4396369203125
60 0.6201171875 0.264664365625 0.5791015625 0.270545796875 0.5595703125 0.2617236515625 0.5009765625 0.2617236515625 0.4833984375 0.26760508125000004 0.48046875 0.277897584375 0.5205078125 0.27642722656249996 0.525390625 0.283779015625 0.525390625 0.29848259062500004 0.515625 0.3220083125 0.5166015625 0.32641938593750003 0.5302734375 0.32641938593750003 0.5458984375 0.31759723906250004 0.5556640625 0.3293601 0.6171875 0.3308304578125 0.6318359375 0.3234786703125 0.646484375 0.304364021875 0.646484375 0.283779015625 0.6201171875 0.264664365625
60 0.689453125 0.24260900312499997 0.6728515625 0.22055363906249997 0.6552734375 0.20879077812500002 0.6162109375 0.20879077812500002 0.595703125 0.22202399687500002 0.607421875 0.23672757187500001 0.603515625 0.2543718625 0.6064453125 0.2587829359375 0.6455078125 0.2734865125 0.6689453125 0.2970122328125 0.6728515625 0.30877509375 0.6796875 0.30730473593749996 0.6884765625 0.2970122328125 0.7080078125 0.2970122328125 0.7109375 0.283779015625 0.689453125 0.24260900312499997
60 0.7998046875 0.25584222031250003 0.7763671875 0.247020075 0.7568359375 0.247020075 0.716796875 0.2661347234375 0.716796875 0.27495686875 0.7216796875 0.285249371875 0.7412109375 0.291130803125 0.744140625 0.29848259062500004 0.7265625 0.3220083125 0.7275390625 0.32641938593750003 0.7744140625 0.32641938593750003 0.7939453125 0.33524153125 0.8232421875 0.3617079671875 0.833984375 0.360237609375 0.845703125 0.34847474843750004 0.845703125 0.3278897421875 0.822265625 0.2808383 0.7998046875 0.25584222031250003
60 0.6767578125 0.1558579046875 0.6494140625 0.1587986203125 0.6318359375 0.1735021953125 0.626953125 0.1867354140625 0.6337890625 0.20585006250000001 0.6611328125 0.21173149375000003 0.6787109375 0.22643506875 0.6943359375 0.247020075 0.7138671875 0.2587829359375 0.734375 0.25731257812499997 0.74609375 0.2484904328125 0.71484375 0.1896761296875 0.6904296875 0.16173933437500002 0.6767578125 0.1558579046875
60 0.4833984375 0.264664365625 0.4921875 0.23966828750000002 0.4794921875 0.2176129234375 0.4560546875 0.202909346875 0.4306640625 0.202909346875 0.4150390625 0.20879077812500002 0.3935546875 0.223494353125 0.3759765625 0.229375784375 0.3642578125 0.244079359375 0.3525390625 0.249960790625 0.333984375 0.277897584375 0.328125 0.2955418765625 0.326171875 0.3102454515625 0.3291015625 0.31759723906250004 0.333984375 0.3161268828125 0.3662109375 0.2970122328125 0.4345703125 0.291130803125 0.4638671875 0.2793679421875 0.4833984375 0.264664365625
60 0.4521484375 0.1999686328125 0.4853515625 0.1793836265625 0.5068359375 0.1735021953125 0.521484375 0.13086182500000001 0.5107421875 0.120569321875 0.4931640625 0.1146878921875 0.4521484375 0.1176286078125 0.4326171875 0.1382136140625 0.4091796875 0.15291718906250001 0.3779296875 0.18526505625 0.3515625 0.2279054265625 0.349609375 0.2455497171875 0.357421875 0.2455497171875 0.3798828125 0.22643506875 0.3974609375 0.22055363906249997 0.4130859375 0.20879077812500002 0.4521484375 0.1999686328125
60 0.603515625 0.1249803953125 0.5986328125 0.1117471765625 0.5888671875 0.10586574687500001 0.5634765625 0.0764585953125 0.517578125 0.051462515625000003 0.509765625 0.07204752187499999 0.509765625 0.092632528125 0.5205078125 0.120569321875 0.5400390625 0.1235100375 0.5732421875 0.147035759375 0.5986328125 0.18526505625 0.6123046875 0.19114648750000002 0.625 0.1896761296875 0.62890625 0.17497255312499999 0.626953125 0.16026897812500002 0.619140625 0.1426246859375 0.603515625 0.1249803953125
60 0.755859375 0.13968397187499998 0.7529296875 0.1352728984375 0.6982421875 0.099984315625 0.6884765625 0.099984315625 0.671875 0.11027681874999999 0.6748046875 0.1176286078125 0.6904296875 0.1235100375 0.6962890625 0.1382136140625 0.7197265625 0.1558579046875 0.7333984375 0.1587986203125 0.7607421875 0.18526505625 0.7890625 0.2249647109375 0.7978515625 0.25584222031250003 0.8212890625 0.2793679421875 0.82421875 0.277897584375 0.830078125 0.2661347234375 0.8046875 0.2043797046875 0.7529296875 0.14409504374999998 0.755859375 0.13968397187499998
60 0.3408203125 0.9586731500000001 0.34765625 0.9424992156249999 0.3427734375 0.9322067125 0.3115234375 0.9145624218749999 0.2685546875 0.8792738390625001 0.2451171875 0.87045169375 0.2197265625 0.87045169375 0.1943359375 0.8792738390625001 0.181640625 0.8895663421875 0.197265625 0.9307363546874999 0.185546875 0.9660249375 0.1904296875 0.9733767249999999 0.2314453125 0.9851395859375 0.263671875 0.9866099437500001 0.2783203125 0.97925815625 0.3056640625 0.976317440625 0.3251953125 0.9586731500000001 0.3408203125 0.9586731500000001
60 0.2333984375 0.74694165625 0.2099609375 0.7381195109375 0.1953125 0.7454712984375 0.203125 0.7689970203125001 0.203125 0.8042856015625001 0.197265625 0.8189891781249999 0.2001953125 0.82928168125 0.2431640625 0.87045169375 0.2646484375 0.8763331234375 0.2919921875 0.8910367000000001 0.3037109375 0.9027995609374999 0.30859375 0.901329203125 0.30859375 0.860159190625 0.2900390625 0.82928168125 0.2724609375 0.8116373906250001 0.2333984375 0.74694165625
60 0 0.9924913734375 0.0029296875 0.996902446875 0.1484375 0.9983728046874999 0.1767578125 0.97925815625 0.1875 0.9630842218750001 0.1953125 0.9366177859375 0.189453125 0.907210634375 0.1689453125 0.873392409375 0.1611328125 0.8675109781250001 0.1376953125 0.8586888328125 0.1083984375 0.8586888328125 0.1005859375 0.8645702640625 0.0830078125 0.8616295484375 0.0517578125 0.8851552703125 0.0224609375 0.8910367000000001 0 0.9130920640625 0 0.9924913734375
60 1 0.633724121875 0.986328125 0.63078340625 0.9921875 0.61607983125 0.990234375 0.6013762546875 0.986328125 0.5984355390625 0.990234375 0.592554109375 0.98828125 0.5690283875000001 0.9931640625 0.5675580296875 0.994140625 0.5602062421875 0.9833984375 0.5499137390625 0.9775390625 0.5528544546874999 0.97265625 0.54844338125 0.978515625 0.545502665625 0.97265625 0.524917659375 0.97265625 0.510214084375 0.966796875 0.49256979375 0.95703125 0.4808069328125 0.953125 0.46610335625 0.9296875 0.4366962046875 0.923828125 0.4190519140625 0.9296875 0.4161111984375 0.9169921875 0.41170012500000003 0.9072265625 0.39699655 0.9033203125 0.39699655 0.8935546875 0.37641154375 0.8681640625 0.37641154375 0.8671875 0.366119040625 0.8701171875 0.3617079671875 0.8720703125 0.3646486828125 0.875 0.3543561796875 0.8701171875 0.352885821875 0.8642578125 0.3411229609375 0.8486328125 0.33230081562499997 0.8359375 0.3131861671875 0.833984375 0.30142330624999997 0.8203125 0.2808383 0.8212890625 0.2734865125 0.8251953125 0.270545796875 0.828125 0.27495686875 0.82421875 0.277897584375 0.8251953125 0.285249371875 0.8564453125 0.285249371875 0.859375 0.2808383 0.84765625 0.2661347234375 0.845703125 0.2543718625 0.83203125 0.2249647109375 0.82421875 0.2249647109375 0.826171875 0.23966828750000002 0.8232421875 0.249960790625 0.8203125 0.2455497171875 0.822265625 0.2279054265625 0.818359375 0.22202399687500002 0.8203125 0.21320185 0.7861328125 0.16468005 0.7685546875 0.15291718906250001 0.7529296875 0.1352728984375 0.7275390625 0.120569321875 0.7236328125 0.1117471765625 0.7099609375 0.10586574687500001 0.6826171875 0.10586574687500001 0.6796875 0.11027681874999999 0.6806640625 0.1176286078125 0.6904296875 0.1146878921875 0.6943359375 0.12939146875000002 0.6708984375 0.1117471765625 0.6552734375 0.10586574687500001 0.6396484375 0.10586574687500001 0.6337890625 0.1146878921875 0.6025390625 0.10292503125000001 0.5869140625 0.10586574687500001 0.5693359375 0.082340025 0.5556640625 0.0764585953125 0.5458984375 0.06469573437500001 0.5400390625 0.06469573437500001 0.5380859375 0.058814303125 0.5205078125 0.05587358906249999 0.509765625 0.07204752187499999 0.5078125 0.0838103828125 0.4990234375 0.0911621703125 0.4814453125 0.079399309375 0.4560546875 0.079399309375 0.44921875 0.07204752187499999 0.4482421875 0.06469573437500001 0.4326171875 0.05293287343750001 0.3837890625 0.044110728125 0.3623046875 0.05587358906249999 0.3515625 0.07204752187499999 0.3447265625 0.0941028859375 0.3251953125 0.10586574687500001 0.3203125 0.119098965625 0.3134765625 0.12939146875000002 0.3076171875 0.12939146875000002 0.2861328125 0.167620765625 0.2646484375 0.1764429109375 0.251953125 0.195557559375 0.2333984375 0.247020075 0.2080078125 0.223494353125 0.2001953125 0.22055363906249997 0.1953125 0.2249647109375 0.1953125 0.24260900312499997 0.2109375 0.27495686875 0.216796875 0.29848259062500004 0.1943359375 0.311715809375 0.1767578125 0.311715809375 0.1611328125 0.32641938593750003 0.15625 0.3337711734375 0.138671875 0.3984669078125 0.1171875 0.448459065625 0.0771484375 0.47345514375000003 0.064453125 0.489629078125 0.060546875 0.5013919390625 0.0751953125 0.5087437265625 0.078125 0.5160955140625 0.0625 0.5366805203125 0.064453125 0.551384096875 0.0546875 0.5631469578125 0.052734375 0.5749098187499999 0.072265625 0.6043169703125 0.0673828125 0.6146094734374999 0.0595703125 0.6175501875 0.0478515625 0.6322537640625 0.02734375 0.6396055515625 0.0322265625 0.6528387703125 0.0458984375 0.6528387703125 0.05859375 0.6866569953125 0.0478515625 0.702830928125 0.0380859375 0.70577164375 0.0185546875 0.723415934375 0.0078125 0.7425305828125001 0.013671875 0.7601748749999999 0.0205078125 0.7616452328125 0.0234375 0.7719377359374999 0.005859375 0.8013448875 0 0.8219298937499999 0 0.8454556140625 0.015625 0.860159190625 0 0.8748627671874999 0.0009765625 0.996902446875 0.1474609375 0.996902446875 0.1611328125 0.9910210156250001 0.1669921875 0.996902446875 0.2158203125 0.9998431625 0.3720703125 0.9998431625 0.3779296875 0.99396173125 0.4248046875 0.9998431625 0.6884765625 0.9998431625 0.7490234375 0.996902446875 0.7529296875 0.9910210156250001 0.7548828125 0.996902446875 0.7802734375 0.9998431625 0.8076171875 0.996902446875 0.8115234375 0.9910210156250001 0.8134765625 0.996902446875 0.875 0.9983728046874999 0.9091796875 0.9910210156250001 0.9130859375 0.996902446875 0.9326171875 0.996902446875 0.9326171875 0.9910210156250001 0.9677734375 0.996902446875 1 0.9954320890625 1 0.9572027921874999 0.9853515625 0.9586731500000001 0.982421875 0.948380646875 0.9892578125 0.9380881437499999 1 0.9395585000000001 1 0.91897349375 0.9912109375 0.9145624218749999 0.982421875 0.8925070578125001 0.984375 0.880744196875 0.98046875 0.8483963296875 0.970703125 0.8278113234375001 0.9609375 0.8189891781249999 0.9609375 0.8042856015625001 0.96875 0.79546345625 0.96484375 0.77487845 0.9697265625 0.7675266625 1 0.757234159375 1 0.67195341875 0.97265625 0.6454869828125 0.9833984375 0.644016625 1 0.654309128125 1 0.633724121875