1 0.40390625 0.46171875 0.734375 0.9234375
1 0.40234375 0.29140625 0.04921875 0.278125
1 0.365625 0.29140625 0.06015625 0.2640625
1 0.4515625 0.3109375 0.06015625 0.26015625
1 0.3109375 0.315625 0.09140625 0.215625
1 0.5 0.3296875 0.0625 0.24296875
1 0.546875 0.3125 0.0625 0.25703125
1 0.2953125 0.07109375 0.07578125 0.1421875
1 0.58359375 0.11796875 0.07265625 0.215625
1 0.4296875 0.56796875 0.05234375 0.2046875
1 0.45546875 0.5609375 0.0625 0.28125
1 0.5078125 0.57265625 0.07265625 0.29140625
1 0.3359375 0.52421875 0.06796875 0.215625
1 0.37109375 0.70625 0.06015625 0.1703125