16 0.2265625 0.07734375 0.07578125 0.090625
16 0.07578125 0.0703125 0.07109375 0.0875
16 0.2390625 0.03125 0.08203125 0.0625
16 0.05 0.034375 0.078125 0.05390625
16 0.30234375 0.146875 0.10234375 0.09453125
16 0.45 0.0859375 0.06015625 0.09375
16 0.58671875 0.1375 0.07578125 0.08203125
16 0.12890625 0.23125 0.0890625 0.07734375
16 0.03125 0.3171875 0.053125 0.07734375
16 0.30078125 0.29375 0.1046875 0.05078125
16 0.3296875 0.25546875 0.0953125 0.0875
16 0.7625 0.16796875 0.084375 0.090625
16 0.884375 0.190625 0.1375 0.05703125
16 0.603125 0.315625 0.0953125 0.0921875
16 0.75546875 0.28203125 0.10234375 0.06875
16 0.92890625 0.30859375 0.0625 0.08046875
16 0.5 0.39453125 0.084375 0.09453125
16 0.434375 0.4203125 0.10859375 0.09609375
16 0.23125 0.465625 0.09296875 0.08203125
16 0.32890625 0.39140625 0.0796875 0.07109375
16 0.14140625 0.44609375 0.14453125 0.090625
16 0.11875 0.525 0.13125 0.05859375
16 0.6546875 0.5140625 0.121875 0.0625
16 0.89453125 0.43515625 0.09140625 0.115625
16 0.93359375 0.49765625 0.0890625 0.12265625
16 0.3921875 0.62890625 0.10859375 0.09375
16 0.51875 0.57890625 0.10859375 0.08203125
16 0.734375 0.71015625 0.1265625 0.05546875
16 0.80859375 0.65546875 0.115625 0.10078125
16 0.93984375 0.7078125 0.1203125 0.0609375
16 0.4140625 0.76484375 0.1046875 0.05703125
16 0.278125 0.69765625 0.12890625 0.06015625
16 0.54453125 0.7625 0.10234375 0.05390625
16 0.728125 0.8203125 0.121875 0.10078125
16 0.7234375 0.89765625 0.1265625 0.09453125
16 0.5765625 0.8703125 0.14453125 0.0828125
16 0.3703125 0.9375 0.1 0.07734375
16 0.46796875 0.971875 0.10859375 0.05234375
16 0.21796875 0.9578125 0.10703125 0.08359375
16 0.14765625 0.95078125 0.10859375 0.065625
16 0.11640625 0.86875 0.11796875 0.05703125
16 0.04140625 0.6921875 0.0640625 0.07734375