51 0.37811279375 0.6318359375 0.382385253125 0.6162109375 0.3631591796875 0.5751953125 0.352478028125 0.5615234375 0.3129577640625 0.529296875 0.2531433109375 0.50390625 0.2253723140625 0.5 0.189056396875 0.501953125 0.154876709375 0.513671875 0.13458251875 0.5341796875 0.113220215625 0.5791015625 0.113220215625 0.6259765625 0.1217651375 0.6435546875 0.135650634375 0.658203125 0.1570129390625 0.671875 0.1847839359375 0.681640625 0.2168273921875 0.6875 0.264892578125 0.6865234375 0.3022766109375 0.681640625 0.3279113765625 0.671875 0.3471374515625 0.66015625 0.37811279375 0.6318359375
51 0.3375244140625 0.8369140625 0.341796875 0.8017578125 0.333251953125 0.7763671875 0.3225708 0.7587890625 0.3076171875 0.7373046875 0.2873229984375 0.720703125 0.2680969234375 0.708984375 0.238189696875 0.697265625 0.19760131875 0.6953125 0.1676940921875 0.70703125 0.145263671875 0.7275390625 0.1324462890625 0.7451171875 0.1239013671875 0.7705078125 0.1239013671875 0.8154296875 0.13671875 0.8505859375 0.16342163125 0.87890625 0.19760131875 0.89453125 0.23712158125 0.8955078125 0.2830505375 0.88671875 0.3129577640625 0.87109375 0.3268432625 0.8564453125 0.3375244140625 0.8369140625
51 0.487060546875 0.7841796875 0.4977417 0.7568359375 0.4977417 0.7236328125 0.49560546875 0.7080078125 0.48171997031249997 0.69140625 0.44540405312500003 0.685546875 0.3877258296875 0.693359375 0.3364562984375 0.71484375 0.316162109375 0.7314453125 0.3118896484375 0.7392578125 0.333251953125 0.7705078125 0.341796875 0.7919921875 0.34393310625 0.8271484375 0.357818603125 0.83203125 0.382385253125 0.8330078125 0.41549682656250003 0.828125 0.44754028281249997 0.81640625 0.46890258749999997 0.802734375 0.487060546875 0.7841796875
51 0.606689453125 0.8076171875 0.6109619140625 0.7490234375 0.606689453125 0.7373046875 0.5970764156249999 0.728515625 0.5735778812500001 0.720703125 0.5351257328125001 0.720703125 0.5052185062500001 0.7265625 0.4998779296875 0.7314453125 0.4998779296875 0.7607421875 0.484924315625 0.7880859375 0.47103881875000003 0.8046875 0.46463012656249997 0.8046875 0.4400634765625 0.8212890625 0.4400634765625 0.8271484375 0.455017090625 0.8505859375 0.46463012656249997 0.859375 0.48812866250000003 0.8671875 0.51055908125 0.8662109375 0.5628967281249999 0.853515625 0.5799865718749999 0.84375 0.59814453125 0.8271484375 0.606689453125 0.8076171875
51 0.73272705 0.8623046875 0.7177734375 0.8310546875 0.6974792484375001 0.8125 0.6547546390625001 0.80078125 0.6120300296875001 0.802734375 0.606689453125 0.8076171875 0.59814453125 0.8291015625 0.5618286125 0.8583984375 0.5767822265625 0.8935546875 0.5928039546874999 0.916015625 0.6034851078125001 0.923828125 0.6269836421874999 0.931640625 0.657958984375 0.9326171875 0.7038879390624999 0.919921875 0.728454590625 0.8974609375 0.73486328125 0.8837890625 0.73272705 0.8623046875
51 0.999755859375 0.7255859375 0.999755859375 0.5947265625 0.9794616703125 0.576171875 0.9516906734375 0.564453125 0.9367370609375 0.5625 0.904693603125 0.568359375 0.8982849125 0.56640625 0.8427429203125 0.58984375 0.7989501953125 0.6298828125 0.777587890625 0.6728515625 0.777587890625 0.7236328125 0.7861328125 0.7392578125 0.8000183109375 0.751953125 0.8320617671875 0.767578125 0.8491516109375 0.771484375 0.8908081062500001 0.7724609375 0.9324646 0.765625 0.9538269046875 0.7578125 0.9815979 0.7421875 0.999755859375 0.7255859375
51 0.6494140625 0.2041015625 0.6494140625 0.1572265625 0.63232421875 0.1259765625 0.5885314937499999 0.0859375 0.5479431156250001 0.06640625 0.5308532718750001 0.0625 0.5073547359374999 0.0625 0.47531127968750003 0.078125 0.452880859375 0.1025390625 0.44219970625 0.1240234375 0.44219970625 0.1552734375 0.44647216875 0.1708984375 0.4656982421875 0.2001953125 0.49667358437500003 0.22265625 0.5436706546875001 0.23828125 0.5618286125 0.2373046875 0.6120300296875001 0.236328125 0.6291198734375001 0.228515625 0.643005371875 0.2158203125 0.6494140625 0.2041015625
51 0.205078125 0.3876953125 0.22216796875 0.3603515625 0.22216796875 0.3466796875 0.215759278125 0.3251953125 0.205078125 0.3076171875 0.1911926265625 0.29296875 0.16342163125 0.2734375 0.1121521 0.2578125 0.0459289546875 0.2578125 0.005340576562499999 0.2734375 0 0.2802734375 0.00213623125 0.3974609375 0.016021728125000002 0.408203125 0.0373840328125 0.41015625 0.069427490625 0.423828125 0.1153564453125 0.4228515625 0.14419555625 0.419921875 0.171966553125 0.412109375 0.186920165625 0.404296875 0.205078125 0.3876953125
51 0 0.6416015625 0.019226075000000002 0.6416015625 0.043792725 0.6328125 0.079040528125 0.6064453125 0.10040283125 0.5751953125 0.113220215625 0.5380859375 0.113220215625 0.4970703125 0.10040283125 0.4580078125 0.091857909375 0.4443359375 0.0715637203125 0.42578125 0.035247803125 0.41015625 0.00747680625 0.41015625 0 0.4130859375 0 0.6416015625
51 0.1142883296875 0.146484375 0.1239013671875 0.1455078125 0.126037596875 0.1396484375 0.118560790625 0.13671875 0.108947753125 0.1416015625 0.1142883296875 0.146484375
51 0.2168273921875 0 0.20294189375 0.0146484375 0.1901245125 0.0361328125 0.1837158203125 0.0556640625 0.1837158203125 0.0908203125 0.18798828125 0.1044921875 0.2008056640625 0.1240234375 0.21255493125 0.1328125 0.2360534671875 0.142578125 0.2584838875 0.1416015625 0.3129577640625 0.123046875 0.335388184375 0.1044921875 0.352478028125 0.0830078125 0.365295409375 0.0478515625 0.365295409375 0.0224609375 0.3556823734375 0 0.2168273921875 0
51 0.40695190468750003 0.021484375 0.416564940625 0.0205078125 0.418701171875 0.0146484375 0.41549682656250003 0.01171875 0.4058837890625 0.0166015625 0.40695190468750003 0.021484375
51 0.433654784375 0.2138671875 0.435791015625 0.1806640625 0.42724609375 0.1611328125 0.41336059531249997 0.1484375 0.3855896 0.134765625 0.3471374515625 0.126953125 0.289459228125 0.130859375 0.255279540625 0.14453125 0.23712158125 0.1611328125 0.228576659375 0.1748046875 0.22216796875 0.1943359375 0.22216796875 0.2158203125 0.2264404296875 0.2431640625 0.23712158125 0.2626953125 0.255279540625 0.279296875 0.272369384375 0.2890625 0.29800415 0.294921875 0.316162109375 0.2939453125 0.34927368125 0.287109375 0.3855896 0.271484375 0.416564940625 0.2431640625 0.433654784375 0.2138671875