11 0.31171875 0.3265625 0.1625 0.50234375
11 0.38671875 0.29921875 0.07421875 0.55234375
11 0.44140625 0.35703125 0.109375 0.703125
11 0.534375 0.33203125 0.146875 0.6640625
11 0.61640625 0.3578125 0.0921875 0.715625
11 0.67578125 0.3609375 0.08984375 0.70546875
11 0.7421875 0.30859375 0.0703125 0.6171875
11 0.8 0.34140625 0.071875 0.68203125
11 0.21796875 0.3421875 0.1265625 0.684375
11 0.17109375 0.5015625 0.0875 0.57578125
11 0.2703125 0.5625 0.0953125 0.35390625
11 0.353125 0.74765625 0.12890625 0.48984375
11 0.4609375 0.76328125 0.09375 0.41171875
11 0.525 0.7640625 0.1328125 0.47109375
11 0.6046875 0.73671875 0.0953125 0.484375
11 0.66875 0.7046875 0.103125 0.47109375