16 0.3984375 0.4390625 0.2125 0.4609375
16 0.15234375 0.4015625 0.21484375 0.5171875
16 0.5984375 0.4953125 0.18359375 0.4671875
16 0.3515625 0.5171875 0.278125 0.41015625
16 0.09140625 0.76875 0.09765625 0.19375
16 0.20703125 0.8359375 0.08828125 0.24609375
16 0.31796875 0.8609375 0.115625 0.18359375
16 0.81484375 0.440625 0.140625 0.4
16 0.69453125 0.4640625 0.14453125 0.4859375
16 0.8515625 0.7 0.196875 0.43125
16 0.91953125 0.40234375 0.146875 0.3203125
16 0.93515625 0.246875 0.12890625 0.2359375
16 0.58515625 0.2640625 0.1421875 0.2109375