16 0.38515625 0.3171875 0.28984375 0.36015625
16 0.54765625 0.3421875 0.3046875 0.33984375
16 0.2609375 0.4953125 0.27265625 0.33515625
16 0.5 0.5953125 0.46015625 0.2046875
16 0.33359375 0.68125 0.15234375 0.25234375
16 0.21875 0.70859375 0.2421875 0.3171875
16 0.4203125 0.7875 0.4 0.3046875
16 0.62265625 0.30390625 0.3953125 0.2875
16 0.84375 0.3609375 0.3125 0.40234375
16 0.77265625 0.1109375 0.4515625 0.221875
16 0.24609375 0.1921875 0.4671875 0.31484375
16 0.75703125 0.79765625 0.4859375 0.3984375
16 0.8171875 0.75390625 0.36484375 0.3078125
16 0.14765625 0.8390625 0.2953125 0.27265625