16 0.525 0.64296875 0.221875 0.14375
16 0.346875 0.50546875 0.16328125 0.15625
16 0.20546875 0.4625 0.18203125 0.15625
16 0.1671875 0.53984375 0.16171875 0.16328125
16 0.28515625 0.63359375 0.18515625 0.15
16 0.16953125 0.68671875 0.1546875 0.1203125
16 0.17109375 0.7984375 0.17890625 0.128125
16 0.33046875 0.784375 0.20390625 0.17109375
16 0.4875 0.2703125 0.15703125 0.1046875
16 0.51171875 0.31875 0.17421875 0.128125
16 0.59609375 0.3875 0.140625 0.1140625
16 0.5015625 0.4953125 0.1546875 0.1546875
16 0.63984375 0.5140625 0.109375 0.0984375
16 0.56171875 0.7640625 0.17890625 0.1453125
16 0.47421875 0.73125 0.115625 0.1515625
16 0.66640625 0.71875 0.16953125 0.19609375
16 0.88125 0.7609375 0.0984375 0.1296875
16 0.7609375 0.72109375 0.16953125 0.20234375
16 0.78046875 0.521875 0.146875 0.18828125
16 0.92734375 0.5125 0.1453125 0.16640625
16 0.9390625 0.684375 0.121875 0.19609375
16 0.7546875 0.35703125 0.1359375 0.15859375
16 0.8984375 0.37109375 0.1390625 0.128125
16 0.1359375 0.35390625 0.18515625 0.1
16 0.1765625 0.21953125 0.1 0.1375
16 0.28125 0.2125 0.1015625 0.121875
16 0.3828125 0.18671875 0.1453125 0.1421875
16 0.38984375 0.2375 0.16171875 0.1203125
16 0.47109375 0.18203125 0.1125 0.1046875
16 0.58203125 0.19453125 0.1140625 0.1484375
16 0.7234375 0.1859375 0.08671875 0.103125
16 0.83125 0.2078125 0.153125 0.115625
16 0.1171875 0.19453125 0.1484375 0.1078125