2 0.37265625 0.5875 0.08671875 0.825
2 0.26328125 0.80625 0.11015625 0.38671875
2 0.18046875 0.84453125 0.1578125 0.3109375
2 0.4578125 0.65 0.08359375 0.5234375
2 0.52578125 0.47578125 0.09921875 0.9515625
2 0.63515625 0.4875 0.1296875 0.975
2 0.696875 0.64375 0.12578125 0.25546875
2 0.86953125 0.51171875 0.14765625 0.3125
2 0.8828125 0.728125 0.209375 0.34296875
2 0.796875 0.84609375 0.16484375 0.28671875
2 0.953125 0.4671875 0.09375 0.20625
2 0.7375 0.87109375 0.1671875 0.25546875
2 0.45234375 0.51640625 0.11171875 0.1515625