47 0.517578125 0.700572265625 0.54296875 0.608076171875 0.55859375 0.471044921875 0.5400390625 0.42822265625 0.5087890625 0.40081640625 0.4677734375 0.40081640625 0.4287109375 0.4385 0.3828125 0.519005859375 0.353515625 0.618353515625 0.349609375 0.7039980453125 0.361328125 0.765662109375 0.3740234375 0.7879296874999999 0.38671875 0.7896425781249999 0.4130859375 0.7810781234374999 0.4599609375 0.7879296874999999 0.4814453125 0.76394921875 0.517578125 0.700572265625
47 0.87109375 0.5943730453125 0.865234375 0.508728515625 0.853515625 0.45391601562500006 0.8310546875 0.41109375000000004 0.7841796875 0.3836875 0.7490234375 0.38711328125 0.7216796875 0.40766796875000005 0.662109375 0.515580078125 0.650390625 0.5840957046875 0.654296875 0.642333984375 0.662109375 0.6697402343750001 0.6865234375 0.7125625 0.7294921875 0.7468203124999999 0.765625 0.745107421875 0.8056640625 0.7262656234375 0.8291015625 0.70228515625 0.853515625 0.659462890625 0.87109375 0.5943730453125
47 0.4921875 0.8821386718750001 0.48828125 0.8581582046875 0.4638671875 0.8050585937499999 0.4423828125 0.7879296874999999 0.4130859375 0.78450390625 0.3583984375 0.8084843765624999 0.2998046875 0.86672265625 0.267578125 0.9232480453124999 0.2578125 0.9575058593750001 0.255859375 0.991763671875 0.2626953125 1 0.28515625 0.998615234375 0.4638671875 0.9969023437500001 0.48046875 0.971208984375 0.490234375 0.933525390625 0.4921875 0.8821386718750001
47 0.69140625 0.769087890625 0.6767578125 0.73654296875 0.6435546875 0.7125625 0.6005859375 0.7125625 0.5673828125 0.72969140625 0.5390625 0.769087890625 0.5234375 0.827326171875 0.51953125 0.8650097656250001 0.51953125 0.9506542953125001 0.5263671875 0.9969023437500001 0.697265625 0.998615234375 0.705078125 0.991763671875 0.6953125 0.899267578125 0.69921875 0.823900390625 0.69140625 0.769087890625
47 0.3291015625 0.6234921875 0.3076171875 0.6063632812499999 0.2744140625 0.6097890625 0.2275390625 0.6440468765625 0.212890625 0.6697402343750001 0.203125 0.724552734375 0.19921875 0.7930683593750001 0.2109375 0.834177734375 0.2431640625 0.8804257812499999 0.2607421875 0.89412890625 0.275390625 0.8958417953125 0.365234375 0.7930683593750001 0.3515625 0.7382558593749999 0.34375 0.645759765625 0.3291015625 0.6234921875
47 0 0.933525390625 0.0244140625 0.94208984375 0.0537109375 0.93523828125 0.078125 0.9438027343750001 0.0986328125 0.94208984375 0.1220703125 0.92838671875 0.142578125 0.8855644546875 0.150390625 0.796494140625 0.146484375 0.7519589843750001 0.13671875 0.717701171875 0.1201171875 0.68515625 0.0771484375 0.64062109375 0.0439453125 0.62691796875 0.0029296875 0.63034375 0 0.635482421875 0 0.933525390625
47 0.921875 0.8650097656250001 0.919921875 0.8307519546875 0.912109375 0.7930683593750001 0.892578125 0.7382558593749999 0.8623046875 0.7125625 0.8349609375 0.7091367187500001 0.7666015625 0.76394921875 0.73828125 0.806771484375 0.703125 0.909544921875 0.701171875 0.933525390625 0.7119140625 0.9969023437500001 0.884765625 0.998615234375 0.8916015625 0.9969023437500001 0.896484375 0.984912109375 0.916015625 0.909544921875 0.921875 0.8650097656250001
47 1 0.570392578125 0.9970703125 0.5686796875 0.962890625 0.6286308593750001 0.943359375 0.6765917953125 0.931640625 0.727978515625 0.927734375 0.7793652343749999 0.94140625 0.834177734375 0.9638671875 0.8701484374999999 1 0.8718613281250001 1 0.570392578125
47 1 0.899267578125 0.9814453125 0.8907031234374999 0.9443359375 0.8907031234374999 0.9365234375 0.8975546874999999 0.927734375 0.916396484375 0.91015625 0.988337890625 0.9111328125 1 1 0.998615234375 1 0.899267578125
47 1 0.5121542953125 0.994140625 0.4847480453125 0.9775390625 0.45562890625 0.9619140625 0.44535156249999996 0.9052734375 0.44535156249999996 0.8759765625 0.46248046875000004 0.86328125 0.48132226562499997 0.875 0.590947265625 0.86328125 0.645759765625 0.865234375 0.673166015625 0.8798828125 0.7125625 0.9033203125 0.7468203124999999 0.9140625 0.745107421875 0.931640625 0.724552734375 0.94921875 0.6560371093749999 0.970703125 0.608076171875 1 0.560115234375 1 0.5121542953125
47 1 0.3100332046875 0.9931640625 0.30832031249999997 0.9462890625 0.35285546874999996 0.92578125 0.395677734375 0.91796875 0.4299355453125 0.9677734375 0.44535156249999996 1 0.4847480453125 1 0.3100332046875
47 0.8037109375 0.38711328125 0.8369140625 0.41109375000000004 0.8505859375 0.43507421874999996 0.859375 0.41965820468750004 0.859375 0.4025292953125 0.849609375 0.361419921875 0.830078125 0.33401367187500003 0.81640625 0.286052734375 0.7705078125 0.23295312343750002 0.7412109375 0.21582421875 0.6787109375 0.20212109374999998 0.6455078125 0.2055468765625 0.6142578125 0.22267578124999998 0.5908203125 0.24665625000000002 0.576171875 0.275775390625 0.572265625 0.33401367187500003 0.578125 0.41280664062500005 0.583984375 0.433361328125 0.5966796875 0.4522031234375 0.6298828125 0.45562890625 0.6689453125 0.47618359374999997 0.677734375 0.47447070468749997 0.7158203125 0.41109375000000004 0.7412109375 0.38711328125 0.7666015625 0.38026171875000003 0.8037109375 0.38711328125
47 0.5107421875 0.24665625000000002 0.47265625 0.296330078125 0.453125 0.3648457046875 0.453125 0.395677734375 0.4580078125 0.40424218749999996 0.4951171875 0.3973906234375 0.5205078125 0.40766796875000005 0.564453125 0.471044921875 0.57421875 0.436787109375 0.5703125 0.2654980453125 0.5576171875 0.24665625000000002 0.5107421875 0.24665625000000002
47 0.435546875 0.361419921875 0.4208984375 0.3357265625 0.3994140625 0.3151718765625 0.3642578125 0.31174609375 0.3330078125 0.3357265625 0.310546875 0.381974609375 0.296875 0.44021289062499996 0.287109375 0.553263671875 0.2890625 0.5875214843750001 0.34765625 0.635482421875 0.365234375 0.563541015625 0.384765625 0.508728515625 0.443359375 0.41280664062500005 0.435546875 0.361419921875
47 0.271484375 0.563541015625 0.279296875 0.508728515625 0.27734375 0.471044921875 0.267578125 0.436787109375 0.2529296875 0.41109375000000004 0.2255859375 0.3973906234375 0.1728515625 0.40424218749999996 0.1220703125 0.4522031234375 0.0830078125 0.5241445312499999 0.0693359375 0.51044140625 0.0380859375 0.50358984375 0.0087890625 0.52071875 0 0.5395605453125001 0.0009765625 0.62691796875 0.0400390625 0.6234921875 0.0751953125 0.63376953125 0.1162109375 0.67487890625 0.1494140625 0.7262656234375 0.17578125 0.7314042953125 0.1953125 0.683443359375 0.2216796875 0.6371953125 0.2587890625 0.5960859375 0.271484375 0.563541015625
47 0.228515625 0.9129707046875 0.224609375 0.8924160156250001 0.1953125 0.8204746093749999 0.1787109375 0.79478125 0.1552734375 0.7810781234374999 0.1484375 0.806771484375 0.146484375 0.8752871093750001 0.140625 0.899267578125 0.1240234375 0.93523828125 0.1005859375 0.9523671874999999 0.09765625 0.9746347656250001 0.1123046875 0.9969023437500001 0.19140625 0.998615234375 0.1982421875 0.9969023437500001 0.212890625 0.971208984375 0.2265625 0.9369511718749999 0.228515625 0.9129707046875