47 0.94921875 0.505859375 0.951171875 0.478515625 0.9326171875 0.46180555625 0.9150390625 0.4283854171875 0.8994140625 0.43446180468750006 0.8779296875 0.4101562484375 0.8291015625 0.4010416671875 0.828125 0.38129340156249997 0.8193359375 0.36762152812500004 0.7978515625 0.37065972187499996 0.7783203125 0.3615451375 0.7626953125 0.3767361109375 0.7548828125 0.3463541671875 0.7373046875 0.34331597343750003 0.7197265625 0.3615451375 0.7099609375 0.3554687515625 0.6845703125 0.36762152812500004 0.6650390625 0.3615451375 0.6357421875 0.3767361109375 0.6279296875 0.3888888890625 0.6123046875 0.3828125 0.5673828125 0.4010416671875 0.5556640625 0.4192708328125 0.5166015625 0.4466145828125 0.501953125 0.48155382031249994 0.501953125 0.5088975687499999 0.5185546875 0.5377604171875 0.5673828125 0.5651041671875 0.6572265625 0.586371528125 0.771484375 0.587890625 0.8369140625 0.5772569437499999 0.9013671875 0.5529513890625 0.9326171875 0.5316840265625 0.94921875 0.505859375
47 0.8525390625 0.887152778125 0.837890625 0.903862846875 0.8359375 0.9281684015625 0.8427734375 0.941840278125 0.859375 0.9463975687499999 0.873046875 0.934244790625 0.876953125 0.9099392359375 0.8662109375 0.8901909734375 0.8525390625 0.887152778125
47 0.7666015625 0.8689236109375 0.7578125 0.8825954859375 0.759765625 0.9069010421874999 0.7705078125 0.9236111109375 0.783203125 0.9220920140625 0.794921875 0.9069010421874999 0.796875 0.8917100687499999 0.7802734375 0.8658854171874999 0.7666015625 0.8689236109375
47 0.7333984375 0.8689236109375 0.716796875 0.8856336796875001 0.71484375 0.9099392359375 0.7197265625 0.9236111109375 0.740234375 0.9312065984375 0.755859375 0.9190538203124999 0.7578125 0.8856336796875001 0.7490234375 0.8719618046875001 0.7333984375 0.8689236109375
47 0.7197265625 0.8385416671874999 0.705078125 0.8552517359375 0.703125 0.879557290625 0.71484375 0.8947482640625 0.7236328125 0.875 0.7421875 0.8674045140625 0.7353515625 0.8446180562500001 0.7197265625 0.8385416671874999
47 0.6650390625 0.8567708328125001 0.654296875 0.870442709375 0.654296875 0.8856336796875001 0.6669921875 0.9084201375 0.673828125 0.9069010421874999 0.6884765625 0.8962673593750001 0.69140625 0.879557290625 0.6806640625 0.8598090265625 0.6650390625 0.8567708328125001
47 0.669921875 0.9220920140625 0.6806640625 0.9509548625 0.6953125 0.9524739578125001 0.70703125 0.9403211796875001 0.708984375 0.9129774312500001 0.6865234375 0.8962673593750001 0.669921875 0.9220920140625
47 0.5986328125 0.8658854171874999 0.583984375 0.879557290625 0.580078125 0.9069010421874999 0.5888671875 0.9266493062500001 0.607421875 0.9281684015625 0.619140625 0.9129774312500001 0.619140625 0.8917100687499999 0.6123046875 0.8719618046875001 0.5986328125 0.8658854171874999
47 0.6240234375 0.8567708328125001 0.615234375 0.879557290625 0.62109375 0.9069010421874999 0.63671875 0.916015625 0.6484375 0.9069010421874999 0.65234375 0.879557290625 0.6396484375 0.8567708328125001 0.6240234375 0.8567708328125001
47 0.4736328125 0.7899305562500001 0.458984375 0.8036024312500001 0.45703125 0.824869790625 0.4677734375 0.8446180562500001 0.48046875 0.846137153125 0.494140625 0.8309461796875001 0.49609375 0.806640625 0.4873046875 0.7929687515625 0.4736328125 0.7899305562500001
47 0.544921875 0.8309461796875001 0.53515625 0.8096788203124999 0.5263671875 0.7960069437499999 0.5146484375 0.7960069437499999 0.5 0.824869790625 0.51953125 0.8674045140625 0.51953125 0.888671875 0.5302734375 0.9053819437499999 0.54296875 0.9069010421874999 0.5546875 0.8947482640625 0.556640625 0.870442709375 0.544921875 0.8522135421874999 0.544921875 0.8309461796875001
47 0.4951171875 0.8962673593750001 0.48828125 0.9099392359375 0.494140625 0.9372829859375 0.5048828125 0.9479166671874999 0.521484375 0.9463975687499999 0.53515625 0.934244790625 0.533203125 0.9099392359375 0.5146484375 0.8901909734375 0.4951171875 0.8962673593750001
47 0.349609375 0.9099392359375 0.3408203125 0.8901909734375 0.3193359375 0.887152778125 0.310546875 0.8977864578125001 0.306640625 0.9190538203124999 0.291015625 0.934244790625 0.2890625 0.9615885421874999 0.2998046875 0.9752604171874999 0.310546875 0.9737413203124999 0.3212890625 0.9661458328125001 0.3291015625 0.944878471875 0.34375 0.9372829859375 0.349609375 0.9099392359375
47 0.322265625 0.8552517359375 0.3173828125 0.8415798625 0.2958984375 0.835503471875 0.2841796875 0.8537326406249999 0.2705078125 0.8506944437499999 0.255859375 0.8674045140625 0.255859375 0.888671875 0.2646484375 0.9023437515625 0.28125 0.903862846875 0.2958984375 0.8810763890625 0.3095703125 0.8841145828125001 0.3203125 0.8734809015625 0.322265625 0.8552517359375
47 0.2041015625 0.7473958328125 0.197265625 0.7641059015625 0.19921875 0.779296875 0.232421875 0.815755209375 0.251953125 0.7762586796875001 0.2353515625 0.7686631953124999 0.2216796875 0.744357640625 0.2041015625 0.7473958328125
47 0.1748046875 0.7899305562500001 0.16796875 0.8036024312500001 0.171875 0.824869790625 0.18359375 0.833984375 0.205078125 0.815755209375 0.203125 0.794487846875 0.1923828125 0.7838541671875 0.1748046875 0.7899305562500001
47 0.1103515625 0.808159721875 0.10546875 0.8279079859375 0.111328125 0.8430989578125001 0.1220703125 0.8537326406249999 0.1328125 0.8522135421874999 0.14453125 0.8370225687499999 0.14453125 0.815755209375 0.1337890625 0.8020833328125001 0.1103515625 0.808159721875
47 0.1689453125 0.887152778125 0.162109375 0.903862846875 0.1640625 0.9281684015625 0.1728515625 0.941840278125 0.19140625 0.9403211796875001 0.203125 0.9220920140625 0.201171875 0.8977864578125001 0.1865234375 0.8810763890625 0.1689453125 0.887152778125
47 0.2119140625 0.8598090265625 0.20703125 0.8674045140625 0.208984375 0.888671875 0.2197265625 0.9023437515625 0.232421875 0.900824653125 0.240234375 0.8917100687499999 0.2421875 0.870442709375 0.2275390625 0.8537326406249999 0.2119140625 0.8598090265625
47 0.2333984375 0.9023437515625 0.2421875 0.888671875 0.2421875 0.870442709375 0.2333984375 0.8567708328125001 0.2216796875 0.8537326406249999 0.220703125 0.8370225687499999 0.2099609375 0.8233506937499999 0.1904296875 0.8263888890625 0.18359375 0.8552517359375 0.16796875 0.8734809015625 0.162109375 0.9220920140625 0.1728515625 0.941840278125 0.185546875 0.943359375 0.19921875 0.934244790625 0.2080078125 0.887152778125 0.2177734375 0.9023437515625 0.2333984375 0.9023437515625