27 0.27578125 0.37734375 0.28828125 0.27109375
27 0.41171875 0.4125 0.3296875 0.21953125
27 0.85234375 0.33203125 0.1609375 0.24375
27 0.56171875 0.5359375 0.2640625 0.2125
27 0.09375 0.4484375 0.1875 0.253125
27 0.54921875 0.71796875 0.33671875 0.18046875
27 0.6734375 0.271875 0.32734375 0.16328125
27 0.30859375 0.1046875 0.446875 0.15625
27 0.8078125 0.178125 0.36640625 0.165625
27 0.16953125 0.63125 0.16875 0.2859375
27 0.09609375 0.765625 0.1921875 0.303125
27 0.72109375 0.79375 0.178125 0.35625