1 0.653125 0.50546875 0.30234375 0.98828125
1 0.66640625 0.14453125 0.0265625 0.115625
1 0.64921875 0.17109375 0.0296875 0.0875
1 0.63203125 0.16796875 0.0296875 0.1140625
1 0.6109375 0.1796875 0.021875 0.0875
1 0.6875 0.1546875 0.015625 0.1109375
1 0.6546875 0.08828125 0.02109375 0.09921875
1 0.63828125 0.09375 0.021875 0.09765625
1 0.621875 0.08828125 0.015625 0.0875
1 0.6109375 0.11875 0.025 0.08359375
1 0.58046875 0.19140625 0.01875 0.09609375
1 0.6046875 0.20390625 0.02421875 0.08046875
1 0.6765625 0.08515625 0.015625 0.08515625
1 0.69609375 0.09296875 0.01640625 0.09140625
1 0.709375 0.1109375 0.01796875 0.08515625
1 0.70546875 0.16171875 0.0203125 0.125
1 0.725 0.17421875 0.0265625 0.0984375
1 0.59609375 0.12890625 0.0171875 0.07890625
1 0.6859375 0.284375 0.02734375 0.128125
1 0.715625 0.29453125 0.02109375 0.096875
1 0.73984375 0.296875 0.021875 0.09921875
1 0.6734375 0.31328125 0.03046875 0.06640625
1 0.65390625 0.30625 0.02734375 0.10390625
1 0.63515625 0.3421875 0.028125 0.096875
1 0.628125 0.3078125 0.0203125 0.10390625
1 0.61015625 0.3046875 0.02265625 0.10859375
1 0.58515625 0.3109375 0.0234375 0.10390625
1 0.61015625 0.3703125 0.03515625 0.1171875
1 0.596875 0.390625 0.0390625 0.08515625
1 0.58359375 0.38515625 0.0234375 0.1125
1 0.56640625 0.396875 0.0359375 0.10859375
1 0.75078125 0.26953125 0.02578125 0.08203125
1 0.725 0.2390625 0.03046875 0.06640625
1 0.76171875 0.321875 0.0296875 0.12734375
1 0.65625 0.38515625 0.0171875 0.10234375
1 0.6703125 0.384375 0.02265625 0.10078125
1 0.69453125 0.396875 0.01796875 0.09609375
1 0.7078125 0.384375 0.0203125 0.1046875
1 0.72265625 0.38359375 0.01953125 0.10234375
1 0.7375 0.3828125 0.0171875 0.0921875
1 0.64296875 0.4390625 0.0203125 0.1171875
1 0.66328125 0.45078125 0.021875 0.10625
1 0.68359375 0.4625 0.02265625 0.10390625
1 0.70703125 0.46953125 0.028125 0.10625
1 0.72578125 0.45859375 0.02421875 0.103125
1 0.75390625 0.4640625 0.0375 0.13125
1 0.58515625 0.4875 0.0234375 0.084375
1 0.6015625 0.48203125 0.021875 0.0953125
1 0.6296875 0.50859375 0.04375 0.1109375
1 0.66875 0.5203125 0.0359375 0.0921875
1 0.69765625 0.56328125 0.02265625 0.08359375
1 0.65078125 0.5703125 0.025 0.08359375