39 0.51640625 0.48515625 0.83984375 0.9
39 0.2375 0.49296875 0.134375 0.2328125
39 0.42421875 0.31171875 0.16171875 0.228125
39 0.6375 0.21875 0.13125 0.1875
39 0.7671875 0.4265625 0.1171875 0.2015625
39 0.50703125 0.47734375 0.1546875 0.1859375
39 0.73828125 0.58203125 0.13515625 0.1484375
39 0.52734375 0.73515625 0.09375 0.19375
39 0.3984375 0.61796875 0.09140625 0.146875
39 0.3734375 0.78515625 0.1078125 0.15234375
39 0.23671875 0.1515625 0.12265625 0.1859375
39 0.825 0.17265625 0.16015625 0.271875