9 0.45703125 0.58359375 0.21875 0.31796875
9 0.75234375 0.71640625 0.20078125 0.290625
9 0.19375 0.88046875 0.225 0.2390625
9 0.2265625 0.6953125 0.2578125 0.29609375
9 0.23515625 0.46328125 0.16796875 0.2171875
9 0.24765625 0.275 0.18203125 0.23203125
9 0.4515625 0.31328125 0.13515625 0.18046875
9 0.6859375 0.38515625 0.1734375 0.23828125
9 0.8109375 0.9234375 0.24375 0.153125
9 0.9375 0.51953125 0.125 0.2203125
9 0.87265625 0.37109375 0.15390625 0.1984375
9 0.7546875 0.1515625 0.13671875 0.1984375
9 0.625 0.1953125 0.14296875 0.22578125