40 0.720703125 0.1212032703125 0.74609375 0.094918225 0.732421875 0.02190420625 0.73828125 0.0014602796875000002 0.5947265625 0.0029205609375 0.6015625 0.024824765625000002 0.591796875 0.0394275703125 0.595703125 0.0540303734375 0.62890625 0.08615654218749999 0.619140625 0.11244158906249999 0.63671875 0.12704439218750002 0.6396484375 0.1489485984375 0.650390625 0.15040887812499998 0.640625 0.1912967296875 0.6484375 0.2643107484375 0.6630859375 0.29205607499999997 0.6884765625 0.3095794390625 0.72265625 0.308119159375 0.7578125 0.275992990625 0.767578125 0.2263434578125 0.7578125 0.15625 0.720703125 0.1212032703125
40 0.9140625 0.20005841093750001 0.88671875 0.1650116828125 0.931640625 0.135806075 0.9072265625 0.099299065625 0.892578125 0.094918225 0.912109375 0.0598714953125 0.9091796875 0.046728971875000004 0.8857421875 0.0642523359375 0.8818359375 0.0496495328125 0.8720703125 0.0496495328125 0.8251953125 0.067172896875 0.8154296875 0.099299065625 0.7890625 0.10367990625000001 0.806640625 0.15917056093749998 0.802734375 0.182535046875 0.822265625 0.182535046875 0.810546875 0.20882009375 0.80859375 0.2467873828125 0.837890625 0.316880840625 0.849609375 0.3227219625 0.8681640625 0.2949766359375 0.9111328125 0.297897196875 0.921875 0.2643107484375 0.9140625 0.20005841093750001
40 0.62890625 0.129964953125 0.61328125 0.11828271093750001 0.6171875 0.08615654218749999 0.5751953125 0.03212616875 0.5400390625 0.040887849999999996 0.529296875 0.056950934375 0.5302734375 0.07301401874999999 0.564453125 0.06279205624999999 0.53125 0.1066004671875 0.5341796875 0.119742990625 0.546875 0.1212032703125 0.53125 0.141647196875 0.537109375 0.2058995328125 0.556640625 0.23802570156249997 0.5966796875 0.20443925156249998 0.6181640625 0.2161214953125 0.638671875 0.170852803125 0.62890625 0.129964953125
40 0.4072265625 0 0.416015625 0.024824765625000002 0.40234375 0.036507009374999996 0.404296875 0.08323598125000001 0.439453125 0.11536215000000001 0.427734375 0.1328855140625 0.453125 0.15332943906250002 0.443359375 0.18837616875000002 0.46484375 0.20005841093750001 0.44921875 0.2730724296875 0.4951171875 0.3300233640625 0.5234375 0.33732476562499997 0.5302734375 0.3154205609375 0.5400390625 0.327102803125 0.55078125 0.3022780375 0.55078125 0.2467873828125 0.529296875 0.20005841093750001 0.533203125 0.18545560781249998 0.521484375 0.15040887812499998 0.5390625 0.12704439218750002 0.5263671875 0.12558411249999998 0.525390625 0.109521028125 0.55078125 0.0715537390625 0.51953125 0.0803154203125 0.54296875 0.013142523437500001 0.5302734375 0 0.4072265625 0
40 0.4130859375 0.1168224296875 0.376953125 0.1007593453125 0.38671875 0.056950934375 0.380859375 0.0511098125 0.400390625 0.0277453265625 0.3544921875 0 0.2880859375 0.0029205609375 0.283203125 0.013142523437500001 0.294921875 0.0452686921875 0.291015625 0.06279205624999999 0.314453125 0.12704439218750002 0.33203125 0.141647196875 0.330078125 0.2263434578125 0.3720703125 0.29205607499999997 0.396484375 0.296436915625 0.4228515625 0.2891355140625 0.451171875 0.2321845796875 0.431640625 0.1474883171875 0.4130859375 0.1168224296875
40 0.376953125 0.3402453265625 0.37890625 0.31980140156250003 0.3349609375 0.23948598125 0.302734375 0.22926401875 0.30078125 0.18545560781249998 0.28515625 0.15625 0.2890625 0.0744742984375 0.26953125 0.0394275703125 0.279296875 0.010221962499999999 0.2626953125 0 0.2333984375 0.03212616875 0.23046875 0.004380840625 0.2138671875 0 0.1982421875 0.040887849999999996 0.1708984375 0.005841121875 0.1513671875 0.0438084109375 0.1318359375 0.0029205609375 0.1328125 0.0540303734375 0.1484375 0.094918225 0.0947265625 0.119742990625 0.09375 0.14456775625 0.1103515625 0.16647196250000001 0.1240234375 0.1635514015625 0.1396484375 0.1956775703125 0.1513671875 0.1956775703125 0.15625 0.16209112187500002 0.166015625 0.15917056093749998 0.16015625 0.20005841093750001 0.1689453125 0.3154205609375 0.1806640625 0.2949766359375 0.1962890625 0.3125 0.2158203125 0.297897196875 0.2314453125 0.3125 0.2431640625 0.3037383171875 0.25 0.349007009375 0.2861328125 0.40011682187500003 0.30078125 0.3986565421875 0.3173828125 0.3767523359375 0.3330078125 0.391355140625 0.3583984375 0.3679906546875 0.376953125 0.3402453265625
40 0.4609375 0.3928154203125 0.451171875 0.3665303734375 0.4658203125 0.37383177500000003 0.474609375 0.3519275703125 0.4365234375 0.2949766359375 0.4111328125 0.2949766359375 0.390625 0.3139602796875 0.380859375 0.35484813125 0.38671875 0.3928154203125 0.3671875 0.4512266359375 0.3818359375 0.452686915625 0.3857421875 0.473130840625 0.42578125 0.47167056093750004 0.439453125 0.45706775625 0.427734375 0.42786215 0.4482421875 0.432242990625 0.4609375 0.3928154203125
40 0.2763671875 0.5169392515625 0.287109375 0.50087616875 0.275390625 0.422021028125 0.279296875 0.39573598125 0.2607421875 0.37091121562499996 0.2138671875 0.359228971875 0.1728515625 0.38551401875 0.16015625 0.40741822499999997 0.15234375 0.4599883171875 0.15625 0.5242406546875 0.16796875 0.54176401875 0.1953125 0.5242406546875 0.1826171875 0.51109813125 0.2041015625 0.505257009375 0.2763671875 0.5169392515625
40 0.109375 0.43078271093750004 0.115234375 0.4599883171875 0.130859375 0.46290887812500003 0.154296875 0.44830607499999997 0.1572265625 0.40011682187500003 0.1435546875 0.40011682187500003 0.109375 0.43078271093750004
40 0.16015625 0.24970794375 0.16015625 0.21466121562499998 0.1279296875 0.20735981250000002 0.1123046875 0.181074765625 0.0810546875 0.2015186921875 0.0390625 0.26723130781250004 0.068359375 0.29351635468750004 0.0625 0.30519859843749997 0.0673828125 0.31834112187499997 0.099609375 0.3110397203125 0.087890625 0.3606892515625 0.08984375 0.3928154203125 0.099609375 0.3928154203125 0.16796875 0.349007009375 0.1640625 0.3139602796875 0.146484375 0.2993574765625 0.16015625 0.24970794375
40 0.2421875 0.6439836453125001 0.2255859375 0.5899532703125 0.1904296875 0.5607476640625 0.1669921875 0.557827103125 0.1416015625 0.578271028125 0.119140625 0.620619159375 0.103515625 0.70823598125 0.109375 0.7403621499999999 0.1298828125 0.7739485984375001 0.1611328125 0.797313084375 0.177734375 0.7958528031250001 0.1982421875 0.785630840625 0.228515625 0.7432827109375 0.240234375 0.7053154203124999 0.2421875 0.6439836453125001
40 0.375 0.6731892515625 0.38671875 0.641063084375 0.388671875 0.5943341125 0.37890625 0.5855724296875 0.37890625 0.568049065625 0.388671875 0.5183995328125001 0.37109375 0.530081775 0.3779296875 0.4614485984375 0.3642578125 0.484813084375 0.359375 0.4775116828125 0.376953125 0.401577103125 0.3740234375 0.391355140625 0.361328125 0.401577103125 0.3603515625 0.37383177500000003 0.3291015625 0.40595794375 0.3212890625 0.3825934578125 0.3076171875 0.38551401875 0.2978515625 0.411799065625 0.279296875 0.41617990625 0.291015625 0.50087616875 0.2861328125 0.525700934375 0.2333984375 0.5081775703125 0.197265625 0.515478971875 0.21484375 0.527161215625 0.2080078125 0.546144859375 0.2548828125 0.5490654203124999 0.27734375 0.5651285046875001 0.26953125 0.5797313078124999 0.2890625 0.5972546734375 0.279296875 0.608936915625 0.298828125 0.6264602796875 0.28125 0.6702686921875001 0.2919921875 0.686331775 0.3095703125 0.6804906546875 0.3203125 0.6907126171875 0.306640625 0.719918225 0.3046875 0.7958528031250001 0.3291015625 0.8528037390625001 0.353515625 0.85426401875 0.3994140625 0.84404205625 0.41796875 0.8075350468750001 0.4140625 0.7316004671874999 0.375 0.6731892515625
40 0.607421875 0.9389602796875 0.58203125 0.8980724296875 0.609375 0.8601051406250001 0.623046875 0.7783294390625 0.611328125 0.6907126171875 0.5859375 0.661507009375 0.5859375 0.6439836453125001 0.591796875 0.6147780375 0.6162109375 0.59287383125 0.62890625 0.5651285046875001 0.6171875 0.54176401875 0.619140625 0.527161215625 0.63671875 0.5067172890625 0.6376953125 0.4877336453125 0.677734375 0.44538551406250004 0.6796875 0.43078271093750004 0.6435546875 0.4205607484375 0.5771484375 0.4614485984375 0.576171875 0.37529205625 0.564453125 0.37529205625 0.5556640625 0.32418224375000004 0.5458984375 0.3825934578125 0.5341796875 0.3300233640625 0.5283203125 0.3504672890625 0.5048828125 0.3504672890625 0.4794921875 0.31834112187499997 0.47265625 0.33148364531249996 0.505859375 0.41325934531249997 0.5 0.43954439218749997 0.51171875 0.48043224375 0.478515625 0.46290887812500003 0.4921875 0.48919392500000003 0.4765625 0.5096378500000001 0.4921875 0.530081775 0.4765625 0.5505257015625 0.474609375 0.588492990625 0.49609375 0.608936915625 0.4921875 0.6644275703125 0.51953125 0.66734813125 0.494140625 0.72867990625 0.4921875 0.8104556078125 0.501953125 0.85426401875 0.529296875 0.8893107484374999 0.509765625 0.9301985984375 0.505859375 0.95940420625 0.5185546875 0.9959112156250001 0.5380859375 0.9959112156250001 0.53125 0.9564836453125001 0.5380859375 0.9141355140625 0.54296875 0.9944509343749999 0.564453125 0.9973714953125 0.5751953125 0.9375 0.6025390625 0.9929906546874999 0.6171875 0.9915303734375 0.607421875 0.9389602796875
40 0.919921875 0.8308995328125001 0.92578125 0.8104556078125 0.87109375 0.7462032703125 0.880859375 0.70823598125 0.8798828125 0.692172896875 0.8720703125 0.712616821875 0.861328125 0.7111565421875 0.87109375 0.6323014015624999 0.8544921875 0.6658878500000001 0.845703125 0.661507009375 0.84375 0.5797313078124999 0.861328125 0.483352803125 0.8427734375 0.4994158875 0.8349609375 0.48189252343750005 0.822265625 0.5242406546875 0.8115234375 0.40595794375 0.798828125 0.4775116828125 0.7919921875 0.464369159375 0.7890625 0.47167056093750004 0.7861328125 0.5198598125 0.765625 0.46582943906249996 0.7255859375 0.40595794375 0.712890625 0.47459112187499997 0.7421875 0.58265186875 0.7333984375 0.5870327109375 0.6708984375 0.5490654203124999 0.671875 0.568049065625 0.693359375 0.6060163546874999 0.65234375 0.6147780375 0.70703125 0.6731892515625 0.6923828125 0.686331775 0.7353515625 0.6892523359375 0.771484375 0.722838784375 0.7724609375 0.7330607484375 0.74609375 0.7432827109375 0.79296875 0.787091121875 0.7724609375 0.8060747656249999 0.830078125 0.8367406546874999 0.8359375 0.9301985984375 0.8544921875 0.9783878500000001 0.87109375 0.97984813125 0.9580078125 0.96962616875 0.966796875 0.9448014015625 0.9453125 0.8717873828125 0.919921875 0.8308995328125001
40 0.9609375 0.5534462609374999 0.9775390625 0.5081775703125 1 0.50087616875 0.9990234375 0.1489485984375 0.9755859375 0.2424065421875 0.955078125 0.1650116828125 0.9375 0.1737733640625 0.9375 0.21466121562499998 0.923828125 0.21174065468749997 0.9375 0.255549065625 0.9375 0.2847546734375 0.923828125 0.2789135515625 0.9169921875 0.327102803125 0.8984375 0.31980140156250003 0.9033203125 0.3504672890625 0.87109375 0.33148364531249996 0.900390625 0.4249415890625 0.86328125 0.41033878437500004 0.857421875 0.454147196875 0.884765625 0.47167056093750004 0.87890625 0.5037967296875 0.88671875 0.5242406546875 0.849609375 0.5855724296875 0.84765625 0.64690420625 0.85546875 0.6556658875 0.8779296875 0.598714953125 0.8671875 0.693633178125 0.8876953125 0.6746495328125001 0.884765625 0.70823598125 0.90625 0.7257593453125 0.9306640625 0.7213785046875001 0.958984375 0.6790303734375 0.970703125 0.6352219625 0.9609375 0.5534462609374999
40 0.818359375 0.41325934531249997 0.828125 0.40741822499999997 0.833984375 0.3460864484375 0.8095703125 0.2774532703125 0.7705078125 0.2628504671875 0.724609375 0.3139602796875 0.720703125 0.3519275703125 0.724609375 0.37529205625 0.73828125 0.3840537390625 0.732421875 0.3986565421875 0.744140625 0.4337032703125 0.7548828125 0.44684579375 0.78515625 0.44830607499999997 0.7939453125 0.4176401875 0.8046875 0.4249415890625 0.8134765625 0.38551401875 0.818359375 0.41325934531249997
40 0.7158203125 0.4176401875 0.720703125 0.38113317812499997 0.70703125 0.3402453265625 0.6826171875 0.30665887812500003 0.6650390625 0.2949766359375 0.6357421875 0.297897196875 0.6103515625 0.3212616828125 0.595703125 0.35776869218749996 0.603515625 0.41617990625 0.6171875 0.42786215 0.7001953125 0.3679906546875 0.703125 0.37529205625 0.673828125 0.40741822499999997 0.7158203125 0.4176401875
40 0.8046875 0.9185163546874999 0.82421875 0.8834696265625 0.828125 0.8513434578125001 0.8193359375 0.84404205625 0.7802734375 0.86448598125 0.7734375 0.8192172890625 0.7509765625 0.7914719625 0.7294921875 0.8177570093750001 0.7216796875 0.8148364484374999 0.732421875 0.7958528031250001 0.73828125 0.722838784375 0.7060546875 0.69801401875 0.6591796875 0.7067757015625 0.65625 0.7316004671874999 0.625 0.78125 0.609375 0.8863901875 0.6533203125 0.9433411218750001 0.6943359375 0.9637850468750001 0.6826171875 0.9959112156250001 0.806640625 0.9973714953125 0.8154296875 0.9725467296874999 0.84375 0.9740070093750001 0.8349609375 0.9462616828125 0.8046875 0.9185163546874999
40 0.3056640625 0.8995327109375 0.2978515625 0.8995327109375 0.2958984375 0.9141355140625 0.2763671875 0.9141355140625 0.265625 0.89515186875 0.3056640625 0.876168225 0.322265625 0.8484228968749999 0.2978515625 0.7797897203125 0.2373046875 0.756425234375 0.2041015625 0.785630840625 0.185546875 0.8221378500000001 0.181640625 0.9126752343750001 0.19921875 0.9272780375 0.1796875 0.9331191593750001 0.18359375 0.95940420625 0.1904296875 0.9754672890625 0.2255859375 0.9959112156250001 0.28515625 0.9973714953125 0.30078125 0.9944509343749999 0.322265625 0.9360397203125 0.310546875 0.9301985984375 0.3056640625 0.8995327109375
40 0.150390625 0.9243574765625 0.171875 0.9272780375 0.17578125 0.83382009375 0.1552734375 0.7943925234375 0.1220703125 0.7710280375 0.0693359375 0.7914719625 0.0546875 0.81337616875 0.037109375 0.8834696265625 0.041015625 0.9448014015625 0.060546875 0.95940420625 0.064453125 0.9944509343749999 0.111328125 0.9973714953125 0.1279296875 0.952102803125 0.18359375 0.9769275703125 0.177734375 0.9477219625 0.150390625 0.9243574765625
40 0.0478515625 0.8060747656249999 0.05859375 0.7958528031250001 0.05859375 0.7637266359375 0.0419921875 0.7418224296875 0 0.7374415890625 0.001953125 0.97984813125 0.02734375 0.9126752343750001 0.044921875 0.8308995328125001 0.04296875 0.7958528031250001 0.0478515625 0.8060747656249999
40 0.0380859375 0.5344626171875 0.0234375 0.556366821875 0.0400390625 0.5811915890625 0.0146484375 0.566588784375 0 0.5738901875 0.0009765625 0.65712616875 0.0205078125 0.6658878500000001 0.0400390625 0.645443925 0.0478515625 0.6804906546875 0.08984375 0.681950934375 0.103515625 0.6147780375 0.09765625 0.5768107484375 0.0751953125 0.5432242984375 0.0380859375 0.5344626171875