39 0.90546875 0.57109375 0.1078125 0.0953125
39 0.7109375 0.48125 0.1171875 0.0921875
39 0.41796875 0.2109375 0.1015625 0.078125
39 0.46875 0.2953125 0.13671875 0.1015625
39 0.52734375 0.3609375 0.12890625 0.09375
39 0.61875 0.425 0.1171875 0.1078125
39 0.80625 0.5375 0.125 0.0859375
39 0.7046875 0.134375 0.13671875 0.12109375
39 0.734375 0.24140625 0.1328125 0.0953125
39 0.78203125 0.35546875 0.1109375 0.11328125
39 0.88671875 0.778125 0.125 0.134375
39 0.75078125 0.67578125 0.146875 0.1015625
39 0.7171875 0.88203125 0.1484375 0.13125
39 0.5265625 0.9 0.1390625 0.15234375
39 0.51171875 0.6953125 0.125 0.12890625