23 0.71171875 0.44140625 0.1921875 0.34453125
23 0.625 0.2 0.278125 0.2109375
23 0.93125 0.0765625 0.115625 0.153125
23 0.8671875 0.68359375 0.13125 0.3
23 0.73828125 0.846875 0.0734375 0.30546875
23 0.6359375 0.80859375 0.075 0.20546875
23 0.5125 0.7125 0.134375 0.2640625
23 0.4375 0.615625 0.1 0.246875
23 0.36484375 0.3484375 0.0859375 0.246875
23 0.4625 0.071875 0.203125 0.14375
23 0.17890625 0.17109375 0.3421875 0.34140625
23 0.203125 0.2859375 0.159375 0.30546875
23 0.05546875 0.496875 0.1109375 0.25546875
23 0.1 0.7578125 0.2 0.484375
23 0.21796875 0.696875 0.1671875 0.60546875
23 0.89609375 0.609375 0.2078125 0.78046875
23 0.884375 0.91640625 0.15625 0.16640625