3 0.51484375 0.4484375 0.21640625 0.328125
3 0.26796875 0.2515625 0.22265625 0.296875
3 0.0875 0.521875 0.17109375 0.275
3 0.76484375 0.265625 0.2125 0.25
3 0.91796875 0.25 0.1640625 0.2875
3 0.9125 0.525 0.175 0.35625
3 0.76875 0.54375 0.21640625 0.33125
3 0.83828125 0.7921875 0.23515625 0.334375
3 0.60390625 0.6171875 0.17109375 0.396875
3 0.59921875 0.253125 0.16875 0.28125
3 0.57734375 0.075 0.17109375 0.15
3 0.44609375 0.196875 0.20859375 0.36875
3 0.41796875 0.6390625 0.19375 0.340625
3 0.26796875 0.540625 0.19765625 0.375
3 0.309375 0.821875 0.19765625 0.35625
3 0.1015625 0.8859375 0.203125 0.228125
3 0.5625 0.86875 0.24140625 0.2625
3 0.09765625 0.2875 0.17890625 0.3125