16 0.54140625 0.21484375 0.20234375 0.4296875
16 0.2046875 0.14921875 0.409375 0.1859375
16 0.91953125 0.32421875 0.1609375 0.5421875
16 0.70390625 0.31640625 0.1625 0.58671875
16 0.82265625 0.68359375 0.3 0.1796875
16 0.2328125 0.68671875 0.4546875 0.146875
16 0.0421875 0.41640625 0.084375 0.2796875
16 0.14765625 0.3953125 0.13515625 0.34296875
16 0.2734375 0.4015625 0.1078125 0.41640625
16 0.3875 0.3234375 0.0953125 0.23984375
16 0.3921875 0.53203125 0.1453125 0.1703125
16 0.53125 0.56796875 0.1171875 0.31015625
16 0.47734375 0.80859375 0.1453125 0.3703125
16 0.6140625 0.78359375 0.0875 0.353125
16 0.32265625 0.86640625 0.13984375 0.21328125
16 0.1828125 0.84140625 0.125 0.2296875
16 0.05234375 0.86171875 0.0953125 0.2234375
16 0.77109375 0.87109375 0.1671875 0.2578125
16 0.9046875 0.846875 0.1296875 0.2203125