16 0.4984375 0.4953125 0.99296875 0.98515625
16 0.68984375 0.39140625 0.1375 0.39375
16 0.84609375 0.5453125 0.1640625 0.196875
16 0.4859375 0.446875 0.2640625 0.26484375
16 0.23203125 0.46171875 0.22109375 0.28828125
16 0.45625 0.175 0.2515625 0.26796875
16 0.71875 0.13515625 0.2015625 0.1703125
16 0.5984375 0.7296875 0.2359375 0.21796875
16 0.35234375 0.78125 0.26640625 0.29140625
16 0.1578125 0.16875 0.2484375 0.2203125
16 0.8203125 0.821875 0.2625 0.35625
16 0.86640625 0.2265625 0.22890625 0.33515625
16 0.1453125 0.76015625 0.23359375 0.35