60 0.5185546875 0.2994791671875 0.3779296875 0.3098958328125 0.3193359375 0.3255208328125 0.2666015625 0.3645833328125 0.232421875 0.4361979171875 0.24609375 0.52734375 0.2958984375 0.5859375 0.34765625 0.6028645828125 0.4482421875 0.5520833328125 0.56640625 0.37890625 0.57421875 0.32421875 0.5185546875 0.2994791671875
60 0.3095703125 0.328125 0.3779296875 0.3072916671875 0.40234375 0.2643229171875 0.419921875 0.1940104171875 0.421875 0.12890625 0.412109375 0.06119791718749999 0.3857421875 0.0260416671875 0.3525390625 0.015625 0.3203125 0.0325520828125 0.17578125 0.30859375 0.150390625 0.43359375 0.154296875 0.47265625 0.171875 0.48046875 0.2255859375 0.4661458328125 0.2421875 0.39453125 0.2685546875 0.359375 0.3095703125 0.328125
60 0.443359375 0.65234375 0.443359375 0.6002604171875 0.4189453125 0.5859375 0.3759765625 0.6067708328125 0.341796875 0.66015625 0.291015625 0.9049479171874999 0.2890625 0.98046875 0.2958984375 0.9973958328125001 0.474609375 0.99609375 0.501953125 0.9283854171874999 0.505859375 0.8346354171874999 0.486328125 0.7408854171875 0.443359375 0.65234375
60 0.859375 0.5091145828125 0.86328125 0.4361979171875 0.8564453125 0.4270833328125 0.8134765625 0.4322916671875 0.6181640625 0.5911458328125 0.568359375 0.67578125 0.552734375 0.7356770828125 0.5625 0.78515625 0.5546875 0.8216145828125001 0.5947265625 0.8802083328125001 0.638671875 0.8841145828125001 0.7333984375 0.8385416671874999 0.771484375 0.7799479171875 0.8359375 0.6341145828125 0.859375 0.5091145828125
60 0.7587890625 0.203125 0.7041015625 0.1640625 0.6162109375 0.1328125 0.6025390625 0.1354166671875 0.591796875 0.1705729171875 0.5625 0.1940104171875 0.572265625 0.2565104171875 0.6025390625 0.2942708328125 0.7158203125 0.3619791671875 0.751953125 0.3684895828125 0.7734375 0.3580729171875 0.7890625 0.2981770828125 0.78125 0.23828125 0.7587890625 0.203125
60 0.2421875 0.54296875 0.234375 0.4830729171875 0.2080078125 0.4765625 0.0009765625 0.5104166671875 0 0.7044270828125 0.0537109375 0.7291666671875 0.154296875 0.7330729171875 0.2548828125 0.7135416671875 0.298828125 0.66796875 0.3046875 0.6028645828125 0.2421875 0.54296875
60 0.2412109375 0.7421875 0 0.74609375 0.0009765625 0.9322916671874999 0.1513671875 0.96875 0.2265625 0.9674479171874999 0.28515625 0.94140625 0.318359375 0.78515625 0.3134765625 0.7526041671875 0.2412109375 0.7421875
60 0.9169921875 0.6432291671875 0.8779296875 0.6119791671875 0.8486328125 0.609375 0.779296875 0.7981770828125 0.76953125 0.86328125 0.771484375 0.9778645828125001 0.7822265625 0.9973958328125001 0.89453125 0.99609375 0.94921875 0.90234375 0.962890625 0.7434895828125 0.9453125 0.6861979171875 0.9169921875 0.6432291671875
60 0.9111328125 0.1640625 0.8603515625 0.1536458328125 0.828125 0.1861979171875 0.818359375 0.21223958281250002 0.81640625 0.38671875 0.8212890625 0.421875 0.87890625 0.42578125 0.89453125 0.4153645828125 0.9296875 0.3111979171875 0.939453125 0.21744791718749998 0.9111328125 0.1640625
60 0.67578125 0.4309895828125 0.67578125 0.3841145828125 0.6640625 0.3528645828125 0.5966796875 0.3072916671875 0.57421875 0.3111979171875 0.57421875 0.3658854171875 0.53125 0.4440104171875 0.515625 0.5065104171875 0.52734375 0.71484375 0.53515625 0.7408854171875 0.548828125 0.7486979171875 0.560546875 0.6940104171875 0.603515625 0.6028645828125 0.65625 0.5559895828125 0.67578125 0.4309895828125
60 0.6943359375 0.8671875 0.6455078125 0.8984375 0.61328125 0.98046875 0.6162109375 0.9973958328125001 0.744140625 0.9986979171874999 0.767578125 0.9908854171874999 0.765625 0.8815104171874999 0.7373046875 0.8619791671874999 0.6943359375 0.8671875
60 0.5224609375 0.7161458328125 0.4580078125 0.6666666671875 0.490234375 0.7513020828125 0.5078125 0.83984375 0.50390625 0.9231770828125001 0.48046875 0.99609375 0.611328125 0.99609375 0.615234375 0.9283854171874999 0.55078125 0.8216145828125001 0.546875 0.7643229171875 0.5224609375 0.7161458328125
60 0.1640625 0.23567708281250002 0.1123046875 0.1796875 0.0009765625 0.1848958328125 0 0.3424479171875 0.0537109375 0.3723958328125 0.09375 0.3763020828125 0.1162109375 0.3723958328125 0.154296875 0.33984375 0.171875 0.29296875 0.1640625 0.23567708281250002
60 0 0.1731770828125 0.03125 0.17578125 0.0947265625 0.1588541671875 0.12109375 0.1263020828125 0.140625 0.06640625 0.1123046875 0.0182291671875 0.0791015625 0.0026041671875 0 0.0013020828125 0 0.1731770828125