16 0.52265625 0.81171875 0.0515625 0.28046875
16 0.465625 0.746875 0.04453125 0.3265625
16 0.39453125 0.66640625 0.090625 0.17109375
16 0.409375 0.9515625 0.14609375 0.096875
16 0.31015625 0.8328125 0.0703125 0.334375
16 0.3625 0.78671875 0.09453125 0.2640625
16 0.2296875 0.809375 0.09609375 0.26171875
16 0.684375 0.84296875 0.1984375 0.23125
16 0.66953125 0.84921875 0.04375 0.1484375
16 0.7171875 0.85859375 0.0234375 0.125
16 0.62734375 0.84375 0.0515625 0.090625
16 0.6890625 0.43046875 0.0484375 0.125
16 0.7765625 0.41875 0.05 0.1015625
16 0.74140625 0.38515625 0.0484375 0.12265625
16 0.68828125 0.34296875 0.034375 0.1015625
16 0.63359375 0.565625 0.0921875 0.11796875
16 0.64375 0.5390625 0.028125 0.04140625
16 0.60390625 0.584375 0.02578125 0.03046875
16 0.66640625 0.59453125 0.01953125 0.05078125
16 0.6375 0.5859375 0.03828125 0.06015625
16 0.6921875 0.27890625 0.05234375 0.09921875
16 0.63984375 0.31328125 0.06640625 0.09921875
16 0.7421875 0.28125 0.04375 0.071875
16 0.55703125 0.21796875 0.04609375 0.05078125
16 0.55546875 0.2671875 0.04375 0.09453125
16 0.5078125 0.43671875 0.05234375 0.15078125
16 0.2875 0.5671875 0.06796875 0.16640625
16 0.26015625 0.4828125 0.04765625 0.09921875
16 0.20625 0.48515625 0.04375 0.08125
16 0.23828125 0.50546875 0.040625 0.10390625
16 0.234375 0.61796875 0.040625 0.134375
16 0.19921875 0.5546875 0.0359375 0.09921875
16 0.17109375 0.65703125 0.04609375 0.06953125
16 0.15078125 0.60390625 0.04375 0.1203125
16 0.115625 0.61015625 0.04765625 0.178125
16 0.4671875 0.44453125 0.04375 0.1296875
16 0.44453125 0.41328125 0.05 0.15078125
16 0.4046875 0.42578125 0.04609375 0.1484375
16 0.3484375 0.434375 0.06171875 0.11328125
16 0.74765625 0.84296875 0.0234375 0.14375
16 0.85 0.18515625 0.03359375 0.10625
16 0.8953125 0.19296875 0.07265625 0.13671875
16 0.68203125 0.19765625 0.11015625 0.13203125
16 0.69453125 0.20625 0.02421875 0.1015625
16 0.6609375 0.1875 0.0515625 0.07890625
16 0.58828125 0.1015625 0.11875 0.10625
16 0.6234375 0.08203125 0.02578125 0.0859375
16 0.578125 0.096875 0.021875 0.07890625
16 0.53984375 0.10390625 0.0125 0.06484375
16 0.478125 0.090625 0.0375 0.09296875
16 0.43359375 0.128125 0.03984375 0.071875
16 0.34140625 0.21328125 0.04609375 0.1015625
16 0.3078125 0.13203125 0.0375 0.08359375
16 0.2890625 0.215625 0.0484375 0.1015625
16 0.2625 0.22109375 0.0359375 0.10390625
16 0.1828125 0.1421875 0.0515625 0.09921875
16 0.17890625 0.371875 0.04609375 0.10390625
16 0.11875 0.30234375 0.0515625 0.090625
16 0.13203125 0.40859375 0.05 0.10859375
16 0.82265625 0.78203125 0.09375 0.31484375
16 0.88046875 0.790625 0.09609375 0.39140625
16 0.96015625 0.83125 0.07421875 0.14375
16 0.80859375 0.19453125 0.0421875 0.134375
16 0.309375 0.0390625 0.034375 0.078125
16 0.26875 0.04375 0.04375 0.0875
16 0.21640625 0.03828125 0.03828125 0.071875
16 0.16640625 0.05 0.0515625 0.09921875
16 0.13984375 0.184375 0.0296875 0.09921875
16 0.09609375 0.19921875 0.04609375 0.1203125
16 0.1 0.12265625 0.06640625 0.1015625
16 0.0640625 0.2046875 0.06171875 0.11328125
16 0.41953125 0.215625 0.03828125 0.1015625
16 0.38828125 0.221875 0.04765625 0.09296875
16 0.421875 0.240625 0.0578125 0.07421875
16 0.38046875 0.2953125 0.028125 0.071875
16 0.3609375 0.30546875 0.028125 0.06015625
16 0.3296875 0.34921875 0.08046875 0.08359375
16 0.3265625 0.35625 0.02578125 0.05546875
16 0.90859375 0.496875 0.08828125 0.12734375
16 0.9265625 0.45703125 0.0375 0.071875
16 0.89453125 0.4875 0.021875 0.0671875
16 0.971875 0.0234375 0.0359375 0.04609375
16 0.9125 0.04296875 0.01640625 0.0390625
16 0.89921875 0.0890625 0.0578125 0.10390625
16 0.86015625 0.04765625 0.0359375 0.0671875
16 0.77578125 0.06484375 0.06171875 0.08359375
16 0.71953125 0.05078125 0.0484375 0.096875
16 0.84609375 0.05234375 0.040625 0.10390625
16 0.96953125 0.071875 0.05234375 0.07421875
16 0.9859375 0.2625 0.028125 0.11796875
16 0.9640625 0.23828125 0.0515625 0.08359375