3 0.465625 0.2484375 0.1484375 0.29453125
3 0.590625 0.58359375 0.16484375 0.2140625
3 0.878125 0.5921875 0.1171875 0.20859375
3 0.18125 0.39140625 0.15703125 0.16953125
3 0.609375 0.2546875 0.11484375 0.2171875
3 0.73125 0.16796875 0.1171875 0.19375
3 0.58828125 0.0890625 0.1015625 0.1609375
3 0.40546875 0.53125 0.1171875 0.27109375
3 0.21796875 0.565625 0.146875 0.20234375
3 0.0796875 0.6640625 0.1546875 0.20859375
3 0.0484375 0.465625 0.096875 0.246875
3 0.18515625 0.73671875 0.17265625 0.26484375
3 0.90546875 0.82421875 0.17265625 0.25
3 0.9421875 0.4921875 0.11484375 0.27109375
3 0.5953125 0.72734375 0.15859375 0.23515625
3 0.71640625 0.5328125 0.13515625 0.25625
3 0.6578125 0.378125 0.1171875 0.19609375
3 0.32109375 0.26328125 0.1109375 0.20546875
3 0.3375 0.7125 0.146875 0.24140625
3 0.04375 0.88046875 0.0875 0.2390625
3 0.14296875 0.92265625 0.1390625 0.14296875
3 0.26796875 0.8703125 0.14296875 0.19921875
3 0.7140625 0.70703125 0.15859375 0.22890625
3 0.46640625 0.69765625 0.11484375 0.27109375
3 0.07421875 0.14609375 0.1171875 0.17265625