39 0.596875 0.6 0.16484375 0.1984375
39 0.60625 0.45390625 0.13359375 0.20234375
39 0.54609375 0.30703125 0.14453125 0.175
39 0.375 0.33671875 0.12734375 0.16484375
39 0.32109375 0.4671875 0.16953125 0.1421875
39 0.1609375 0.446875 0.15234375 0.1875
39 0.146875 0.2359375 0.12421875 0.15859375
39 0.32890625 0.2828125 0.11015625 0.15234375
39 0.41328125 0.59765625 0.16484375 0.19375
39 0.3375 0.71875 0.14609375 0.16484375
39 0.48984375 0.728125 0.190625 0.2
39 0.6953125 0.5234375 0.15078125 0.1796875
39 0.7234375 0.68125 0.14453125 0.20625
39 0.678125 0.26015625 0.08203125 0.10234375
39 0.50625 0.453125 0.75546875 0.609375