21 0.86484375 0.41171875 0.259375 0.53359375
21 0.7578125 0.17734375 0.4734375 0.31328125
21 0.60546875 0.2484375 0.20234375 0.30390625
21 0.56875 0.446875 0.32890625 0.4328125
21 0.8 0.5453125 0.4 0.4421875
21 0.7078125 0.69609375 0.5328125 0.31953125
21 0.51875 0.7671875 0.51875 0.32890625
21 0.28359375 0.8265625 0.52265625 0.28515625
21 0.1640625 0.65625 0.328125 0.340625
21 0.18359375 0.47734375 0.265625 0.44453125
21 0.3265625 0.49609375 0.25703125 0.3890625
21 0.43984375 0.4625 0.3453125 0.4234375
21 0.296875 0.29609375 0.21015625 0.41640625
21 0.4359375 0.23671875 0.18203125 0.3265625