16 0.49140625 0.45390625 0.9421875 0.89375
16 0.81796875 0.578125 0.30703125 0.4484375
16 0.4296875 0.625 0.40234375 0.53671875
16 0.634375 0.1453125 0.33984375 0.290625
16 0.45703125 0.22109375 0.28203125 0.35390625
16 0.8375 0.26171875 0.2265625 0.27421875
16 0.1671875 0.2671875 0.334375 0.40625
16 0.35859375 0.7125 0.121875 0.11328125
16 0.46640625 0.42890625 0.09296875 0.19921875
16 0.3921875 0.253125 0.06875 0.25703125
16 0.71875 0.46171875 0.0953125 0.2765625
16 0.91015625 0.49921875 0.1 0.2015625
16 0.67578125 0.2171875 0.09296875 0.25703125
16 0.4703125 0.76875 0.121875 0.171875
16 0.2703125 0.51484375 0.1265625 0.265625
16 0.8546875 0.2765625 0.11796875 0.23828125
16 0.7578125 0.2859375 0.10234375 0.240625
16 0.696875 0.16015625 0.11796875 0.27109375
16 0.48359375 0.2140625 0.06875 0.23515625
16 0.10703125 0.29609375 0.09765625 0.23828125
16 0.20234375 0.2140625 0.06640625 0.21328125