24 0.565625 0.26640625 0.1453125 0.24140625
24 0.409375 0.409375 0.203125 0.35390625
24 0.63984375 0.35859375 0.15859375 0.35390625
24 0.2421875 0.26328125 0.09609375 0.5265625
24 0.075 0.2515625 0.14921875 0.4671875
24 0.184375 0.7546875 0.1375 0.490625
24 0.40390625 0.84375 0.16484375 0.253125
24 0.6515625 0.72734375 0.16484375 0.20546875
24 0.75546875 0.54453125 0.14921875 0.1484375
24 0.83046875 0.6921875 0.1609375 0.19921875
24 0.7546875 0.86015625 0.16484375 0.2140625
24 0.61171875 0.88125 0.16953125 0.2140625
24 0.91171875 0.82890625 0.12265625 0.27109375
24 0.30390625 0.70390625 0.20546875 0.2828125