25 0.45546875 0.58046875 0.14140625 0.1953125
25 0.3625 0.4859375 0.0984375 0.21328125
25 0.2515625 0.453125 0.146875 0.2609375
25 0.20546875 0.60703125 0.16171875 0.24296875
25 0.54765625 0.69765625 0.128125 0.21015625
25 0.5390625 0.88671875 0.125 0.2265625
25 0.44296875 0.78984375 0.14296875 0.2640625
25 0.36953125 0.6890625 0.11171875 0.27578125
25 0.153125 0.80703125 0.1234375 0.26953125
25 0.26796875 0.8328125 0.14296875 0.24296875
25 0.79453125 0.45625 0.4015625 0.91171875
25 0.434375 0.19375 0.33828125 0.3875
25 0.14765625 0.20859375 0.2953125 0.4171875