16 0.43203125 0.32421875 0.09296875 0.24609375
16 0.51328125 0.315625 0.13984375 0.12734375
16 0.33671875 0.4046875 0.1703125 0.2640625
16 0.50390625 0.66484375 0.10859375 0.3171875
16 0.13828125 0.24140625 0.15703125 0.24609375
16 0.196875 0.21171875 0.1203125 0.21640625
16 0.1859375 0.13359375 0.18515625 0.24921875
16 0.28515625 0.1359375 0.1078125 0.271875
16 0.47109375 0.1375 0.08515625 0.2578125
16 0.3703125 0.61640625 0.0703125 0.33203125
16 0.171875 0.52265625 0.096875 0.21640625
16 0.24140625 0.47109375 0.08984375 0.2546875
16 0.2078125 0.65625 0.171875 0.2515625
16 0.07109375 0.5375 0.11484375 0.16875
16 0.80234375 0.1375 0.0671875 0.275
16 0.74453125 0.1390625 0.075 0.26640625
16 0.70390625 0.3171875 0.125 0.21953125
16 0.6875 0.10078125 0.11484375 0.2015625
16 0.6109375 0.3765625 0.08203125 0.15390625
16 0.77421875 0.40625 0.1546875 0.1421875
16 0.7296875 0.60859375 0.13984375 0.29921875
16 0.88984375 0.58046875 0.1203125 0.290625
16 0.57265625 0.70546875 0.1546875 0.33203125
16 0.79921875 0.8328125 0.14140625 0.171875
16 0.9421875 0.84453125 0.10859375 0.24296875
16 0.5625 0.859375 0.18203125 0.1421875
16 0.946875 0.14375 0.103125 0.2875
16 0.26640625 0.903125 0.1703125 0.19375
16 0.05234375 0.7953125 0.09140625 0.2640625
16 0.39296875 0.84140625 0.04296875 0.2546875