36 0.48125 0.23515625 0.3265625 0.21796875
36 0.76015625 0.1046875 0.28359375 0.209375
36 0.71484375 0.346875 0.2875 0.18359375
36 0.53515625 0.50546875 0.31328125 0.209375
36 0.234375 0.57578125 0.29609375 0.1890625
36 0.2640625 0.3734375 0.2703125 0.209375
36 0.75625 0.67421875 0.33515625 0.2265625
36 0.45078125 0.7046875 0.34375 0.20625
36 0.2296875 0.8375 0.2875 0.1921875
36 0.55390625 0.89375 0.3265625 0.20625
36 0.83125 0.86796875 0.321875 0.240625
36 0.878125 0.4984375 0.24375 0.26953125
36 0.92265625 0.24140625 0.1546875 0.2265625
36 0.184375 0.10859375 0.24921875 0.18359375
36 0.43984375 0.07265625 0.2609375 0.1453125