39 0.475 0.2671875 0.65703125 0.50390625
39 0.30234375 0.6359375 0.55546875 0.5546875
39 0.765625 0.50625 0.09375 0.15390625
39 0.71796875 0.2375 0.09140625 0.1671875
39 0.42890625 0.5078125 0.0890625 0.14375
39 0.88671875 0.56796875 0.09453125 0.1421875
39 0.84765625 0.2796875 0.096875 0.13359375
39 0.6078125 0.17734375 0.11015625 0.1484375
39 0.2375 0.1796875 0.1046875 0.146875
39 0.70078125 0.7921875 0.08046875 0.13359375
39 0.840625 0.72734375 0.08359375 0.16875
39 0.9375 0.15546875 0.10234375 0.17578125
39 0.17890625 0.82734375 0.1140625 0.15703125
39 0.33203125 0.87265625 0.11953125 0.19609375
39 0.4515625 0.16171875 0.09921875 0.14375