53 0.830078125 0.59912109375 0.83203125 0.50830078125 0.818359375 0.44384765625 0.7919921875 0.3955078140625 0.7548828125 0.36328125 0.6982421875 0.357421875 0.6748046875 0.3662109359375 0.6416015625 0.3896484359375 0.603515625 0.44384765625 0.578125 0.50830078125 0.572265625 0.58447265625 0.5859375 0.64306640625 0.6240234375 0.7060546859375 0.6728515625 0.7412109359375 0.7265625 0.74560546875 0.7568359375 0.7353515640625 0.80078125 0.68701171875 0.8203125 0.64013671875 0.830078125 0.59912109375
53 0.623046875 0.83642578125 0.625 0.78076171875 0.6171875 0.70751953125 0.587890625 0.65478515625 0.572265625 0.60205078125 0.5517578125 0.5859375 0.4814453125 0.568359375 0.4384765625 0.568359375 0.4033203125 0.5859375 0.36328125 0.64599609375 0.337890625 0.71337890625 0.330078125 0.78369140625 0.33203125 0.84814453125 0.337890625 0.88037109375 0.3486328125 0.8876953140625 0.3759765625 0.873046875 0.4189453125 0.8642578140625 0.4404296875 0.84375 0.4521484375 0.84375 0.470703125 0.86279296875 0.4716796875 0.8759765640625 0.5107421875 0.908203125 0.5576171875 0.9873046859375 0.5703125 0.98876953125 0.591796875 0.96240234375 0.603515625 0.92724609375 0.609375 0.88623046875 0.623046875 0.83642578125
53 0.7802734375 0.755859375 0.7607421875 0.75 0.7216796875 0.7529296859375 0.6943359375 0.76171875 0.6650390625 0.7822265640625 0.62890625 0.83349609375 0.609375 0.90087890625 0.60546875 0.96240234375 0.6103515625 0.9990234359375 0.884765625 0.99755859375 0.884765625 0.92431640625 0.861328125 0.84228515625 0.8291015625 0.791015625 0.7802734375 0.755859375
53 0.330078125 0.73974609375 0.31640625 0.70166015625 0.2763671875 0.64453125 0.2314453125 0.6181640640625 0.1826171875 0.62109375 0.1455078125 0.6416015640625 0.1103515625 0.673828125 0.08984375 0.70458984375 0.078125 0.73681640625 0.0703125 0.80712890625 0.072265625 0.85400390625 0.1240234375 0.8671875 0.1650390625 0.896484375 0.212890625 0.96533203125 0.2275390625 0.99609375 0.271484375 0.99755859375 0.298828125 0.94189453125 0.333984375 0.89208984375 0.328125 0.84814453125 0.330078125 0.73974609375
53 0.4150390625 0.57421875 0.4365234375 0.5654296859375 0.4853515625 0.5654296859375 0.5380859375 0.5771484359375 0.537109375 0.54345703125 0.5078125 0.47607421875 0.4755859375 0.4365234359375 0.4482421875 0.421875 0.4169921875 0.416015625 0.3583984375 0.4248046859375 0.3134765625 0.45703125 0.283203125 0.51123046875 0.265625 0.55517578125 0.2578125 0.59033203125 0.2578125 0.62548828125 0.2939453125 0.6591796859375 0.328125 0.72216796875 0.333984375 0.72509765625 0.349609375 0.67236328125 0.3671875 0.63427734375 0.3955078125 0.591796875 0.4150390625 0.57421875
53 0.2080078125 0.615234375 0.251953125 0.61669921875 0.259765625 0.56396484375 0.275390625 0.52880859375 0.27734375 0.51416015625 0.26171875 0.45556640625 0.2333984375 0.4072265640625 0.2001953125 0.380859375 0.1591796875 0.375 0.1494140625 0.3662109359375 0.1103515625 0.375 0.0849609375 0.3955078140625 0.064453125 0.42626953125 0.046875 0.46728515625 0.03515625 0.51416015625 0.03125 0.59033203125 0.041015625 0.65185546875 0.0732421875 0.71484375 0.083984375 0.71337890625 0.1083984375 0.673828125 0.1708984375 0.6123046859375 0.1982421875 0.6064453140625 0.2080078125 0.615234375
53 0.4755859375 0.2841796859375 0.4228515625 0.2841796859375 0.3818359375 0.3134765640625 0.349609375 0.37060546875 0.3408203125 0.4306640640625 0.3798828125 0.416015625 0.4169921875 0.4130859359375 0.4677734375 0.427734375 0.4970703125 0.45703125 0.51953125 0.49365234375 0.53515625 0.53466796875 0.54296875 0.54052734375 0.541015625 0.44677734375 0.5546875 0.36474609375 0.5224609375 0.3134765640625 0.4755859375 0.2841796859375
53 0.884765625 0.26220703125 0.8603515625 0.22265625 0.8330078125 0.2021484359375 0.8095703125 0.193359375 0.7744140625 0.1962890640625 0.7275390625 0.2255859359375 0.708984375 0.25634765625 0.7412109375 0.2724609359375 0.7783203125 0.3046875 0.822265625 0.37646484375 0.837890625 0.42041015625 0.84375 0.45849609375 0.849609375 0.45849609375 0.875 0.40576171875 0.912109375 0.35595703125 0.908203125 0.31787109375 0.884765625 0.26220703125
53 0.9990234375 0.328125 0.9658203125 0.328125 0.9208984375 0.3515625 0.875 0.40869140625 0.85546875 0.45556640625 0.84765625 0.52001953125 0.8515625 0.56982421875 0.8671875 0.62548828125 0.8837890625 0.64453125 0.89453125 0.64306640625 0.9091796875 0.6123046859375 0.9521484375 0.5595703140625 1 0.53466796875 0.9990234375 0.328125
53 0.66015625 0.25927734375 0.658203125 0.20654296875 0.6484375 0.16259765625 0.6083984375 0.09375 0.5673828125 0.07324218593750001 0.5126953125 0.07324218593750001 0.4638671875 0.12011718593750001 0.4453125 0.15380859375 0.431640625 0.20068359375 0.4296875 0.26806640625 0.4345703125 0.2783203140625 0.4736328125 0.28125 0.5068359375 0.298828125 0.5283203125 0.31640625 0.55859375 0.35595703125 0.5791015625 0.322265625 0.6064453125 0.29296875 0.6572265625 0.2666015640625 0.66015625 0.25927734375
53 0.44921875 0.05126953125 0.439453125 0.01904296875 0.4287109375 0.0029296859375 0.2548828125 0 0.24609375 0.01025390625 0.232421875 0.05126953125 0.228515625 0.12451171875 0.234375 0.14501953125 0.2646484375 0.193359375 0.2724609375 0.193359375 0.3115234375 0.1640625 0.3525390625 0.1611328140625 0.3818359375 0.1728515640625 0.423828125 0.20068359375 0.427734375 0.19482421875 0.435546875 0.13330078125 0.44921875 0.09814453125 0.44921875 0.05126953125
53 0.1337890625 0.123046875 0.1552734375 0.1171875 0.1923828125 0.12011718593750001 0.193359375 0.09814453125 0.18359375 0.07470703125 0.1552734375 0.038085935937499996 0.1181640625 0.0146484359375 0.0712890625 0.0146484359375 0.0322265625 0.038085935937499996 0.009765625 0.07470703125 0 0.11865234375 0.044921875 0.17431640625 0.06640625 0.22119140625 0.0712890625 0.1845703140625 0.0830078125 0.1845703140625 0.0927734375 0.1669921859375 0.1337890625 0.123046875
53 0.2099609375 0.2841796859375 0.2412109375 0.28125 0.251953125 0.25927734375 0.263671875 0.21533203125 0.2578125 0.18896484375 0.2333984375 0.1494140640625 0.1904296875 0.12011718593750001 0.1494140625 0.12011718593750001 0.1376953125 0.1259765640625 0.1103515625 0.158203125 0.0966796875 0.1640625 0.076171875 0.20361328125 0.078125 0.22412109375 0.12109375 0.27392578125 0.138671875 0.31201171875 0.1484375 0.35302734375 0.154296875 0.35302734375 0.19921875 0.29443359375 0.1953125 0.28271484375 0.1982421875 0.2783203140625 0.2099609375 0.2841796859375
53 0.3173828125 0.4306640640625 0.3310546875 0.4365234359375 0.3359375 0.42919921875 0.34375 0.39111328125 0.33984375 0.36474609375 0.3193359375 0.328125 0.2919921875 0.3017578140625 0.2509765625 0.2841796859375 0.2080078125 0.2841796859375 0.1904296875 0.2578125 0.189453125 0.27099609375 0.203125 0.29736328125 0.1826171875 0.3134765640625 0.16015625 0.34716796875 0.15625 0.36474609375 0.1630859375 0.3720703140625 0.2041015625 0.380859375 0.2353515625 0.4072265640625 0.259765625 0.44677734375 0.27734375 0.50537109375 0.283203125 0.50537109375 0.30078125 0.47607421875 0.296875 0.44970703125 0.3056640625 0.43359375 0.3173828125 0.4306640640625
53 0.427734375 0.22998046875 0.4130859375 0.2021484359375 0.3779296875 0.1728515640625 0.3447265625 0.1611328140625 0.3095703125 0.1669921859375 0.2939453125 0.17578125 0.26953125 0.20654296875 0.263671875 0.23876953125 0.25 0.27685546875 0.3056640625 0.310546875 0.34765625 0.37060546875 0.369140625 0.32666015625 0.3837890625 0.3076171859375 0.427734375 0.27685546875 0.427734375 0.22998046875
53 0.8056640625 0.1904296859375 0.8544921875 0.2109375 0.85546875 0.18603515625 0.849609375 0.15966796875 0.8359375 0.12451171875 0.8134765625 0.09375 0.7744140625 0.0615234359375 0.7412109375 0.0556640640625 0.6826171875 0.08203125 0.6640625 0.10400390625 0.650390625 0.13916015625 0.6484375 0.15673828125 0.66015625 0.20361328125 0.6640625 0.25634765625 0.6669921875 0.2607421859375 0.703125 0.25927734375 0.7177734375 0.2255859359375 0.7431640625 0.216796875 0.7783203125 0.193359375 0.8056640625 0.1904296859375
53 0.85546875 0.60498046875 0.8349609375 0.57421875 0.822265625 0.63720703125 0.8046875 0.68115234375 0.751953125 0.74560546875 0.7763671875 0.7529296859375 0.8193359375 0.779296875 0.8369140625 0.796875 0.8583984375 0.83203125 0.8671875 0.83349609375 0.8828125 0.78662109375 0.884765625 0.70166015625 0.87109375 0.64013671875 0.85546875 0.60498046875