3 0.48515625 0.4484375 0.21640625 0.328125
3 0.73203125 0.2515625 0.22265625 0.296875
3 0.9125 0.521875 0.17109375 0.275
3 0.23515625 0.265625 0.2125 0.25
3 0.08203125 0.25 0.1640625 0.2875
3 0.0875 0.525 0.175 0.35625
3 0.23125 0.54375 0.21640625 0.33125
3 0.16171875 0.7921875 0.23515625 0.334375
3 0.39609375 0.6171875 0.17109375 0.396875
3 0.40078125 0.253125 0.16875 0.28125
3 0.42265625 0.075 0.17109375 0.15
3 0.55390625 0.196875 0.20859375 0.36875
3 0.58203125 0.6390625 0.19375 0.340625
3 0.73203125 0.540625 0.19765625 0.375
3 0.690625 0.821875 0.19765625 0.35625
3 0.8984375 0.8859375 0.203125 0.228125
3 0.4375 0.86875 0.24140625 0.2625
3 0.90234375 0.2875 0.17890625 0.3125