39 0.234375 0.31640625 0.09765625 0.096875
39 0.184375 0.46484375 0.05625 0.096875
39 0.153125 0.60546875 0.08203125 0.075
39 0.209375 0.82578125 0.06953125 0.08828125
39 0.26171875 0.69453125 0.11015625 0.075
39 0.29609375 0.5515625 0.05625 0.103125
39 0.32421875 0.3671875 0.04453125 0.08515625
39 0.4515625 0.40859375 0.09375 0.1203125
39 0.4578125 0.540625 0.0921875 0.08828125
39 0.4828125 0.6953125 0.09921875 0.09296875
39 0.56875 0.59296875 0.06953125 0.096875
39 0.5609375 0.46953125 0.06875 0.10859375
39 0.54609375 0.3296875 0.0671875 0.103125
39 0.8046875 0.3875 0.12265625 0.10859375
39 0.8125 0.58046875 0.10625 0.06171875
39 0.85234375 0.67578125 0.13671875 0.08515625