27 0.6796875 0.359375 0.07890625 0.2890625
27 0.503125 0.21796875 0.10234375 0.2609375
27 0.396875 0.3234375 0.128125 0.3109375
27 0.44609375 0.80546875 0.253125 0.18671875
27 0.215625 0.68125 0.271875 0.16171875
27 0.27734375 0.5765625 0.26015625 0.12109375
27 0.8453125 0.49765625 0.16484375 0.3546875
27 0.8421875 0.2359375 0.1625 0.3046875
27 0.7421875 0.75078125 0.171875 0.3265625
27 0.59453125 0.89453125 0.2484375 0.21015625
27 0.57578125 0.5703125 0.31328125 0.41328125
27 0.2921875 0.15703125 0.18359375 0.22109375