57 0.12734375 0.196875 0.17734375 0.19453125
57 0.13125 0.3984375 0.0921875 0.16640625
57 0.30078125 0.3875 0.0640625 0.20859375
57 0.290625 0.13828125 0.10625 0.17734375
57 0.43203125 0.10625 0.1203125 0.15546875
57 0.16484375 0.1984375 0.11015625 0.1484375
57 0.1671875 0.7875 0.334375 0.425
57 0.52578125 0.85546875 0.20859375 0.28671875
57 0.4265625 0.77890625 0.1453125 0.23359375
57 0.79296875 0.825 0.19140625 0.33984375
57 0.9546875 0.8359375 0.090625 0.31171875
57 0.67265625 0.1484375 0.1984375 0.2125
57 0.80234375 0.1703125 0.15234375 0.26171875
57 0.7203125 0.36796875 0.1875 0.24765625
57 0.625 0.39296875 0.16640625 0.2125
57 0.9546875 0.40078125 0.090625 0.20078125