3 0.1296875 0.45546875 0.259375 0.421875
3 0.41015625 0.76015625 0.2421875 0.296875
3 0.6328125 0.50546875 0.17578125 0.22890625
3 0.7671875 0.4140625 0.15234375 0.19296875
3 0.8671875 0.35703125 0.16796875 0.234375
3 0.94921875 0.55859375 0.1015625 0.20078125
3 0.8703125 0.7171875 0.1578125 0.2109375
3 0.59765625 0.33984375 0.1796875 0.25234375
3 0.434375 0.4234375 0.178125 0.20078125
3 0.53203125 0.19375 0.165625 0.17421875
3 0.82421875 0.08984375 0.1328125 0.16953125
3 0.9296875 0.0875 0.13671875 0.1640625
3 0.52734375 0.06015625 0.1484375 0.11953125
3 0.3859375 0.08359375 0.1421875 0.13515625
3 0.615625 0.7640625 0.1953125 0.26796875
3 0.3265625 0.52109375 0.2109375 0.30703125
3 0.4828125 0.59609375 0.19140625 0.27109375
3 0.13359375 0.7203125 0.2671875 0.3671875
3 0.246875 0.0796875 0.196875 0.15859375
3 0.7171875 0.08203125 0.140625 0.1640625
3 0.8453125 0.9203125 0.21875 0.15859375