17 0.5126953125 0.7291666671875 0.4931640625 0.7161458328125 0.498046875 0.7565104171875 0.515625 0.7747395828125 0.5419921875 0.8177083328125001 0.5546875 0.81640625 0.556640625 0.8111979171874999 0.552734375 0.80078125 0.53515625 0.7747395828125 0.5126953125 0.7291666671875
17 0.427734375 0.7252604171875 0.419921875 0.70703125 0.416015625 0.6783854171875 0.3984375 0.6627604171875 0.400390625 0.6315104171875 0.3935546875 0.6276041671875 0.388671875 0.6315104171875 0.38671875 0.6731770828125 0.40625 0.7513020828125 0.412109375 0.7643229171875 0.41796875 0.7981770828125 0.4267578125 0.8125 0.44921875 0.81640625 0.453125 0.8138020828125001 0.44921875 0.7877604171875 0.427734375 0.7330729171875 0.427734375 0.7252604171875
17 0.36328125 0.6705729171875 0.36328125 0.7903645828125 0.3740234375 0.796875 0.384765625 0.7955729171875 0.38671875 0.6315104171875 0.3798828125 0.6223958328125 0.3681640625 0.6223958328125 0.36328125 0.6705729171875
17 0.5078125 0.88671875 0.4853515625 0.8776041671874999 0.4716796875 0.8776041671874999 0.4541015625 0.8802083328125001 0.4267578125 0.8958333328125001 0.3662109375 0.9036458328125001 0.3447265625 0.9140625 0.326171875 0.9127604171874999 0.3291015625 0.9296875 0.341796875 0.9309895828125001 0.4345703125 0.9114583328125001 0.4619140625 0.9010416671874999 0.4990234375 0.8932291671874999 0.5078125 0.88671875
17 0.5087890625 0.7265625 0.4814453125 0.7109375 0.47265625 0.7122395828125 0.498046875 0.7565104171875 0.5029296875 0.7578125 0.5439453125 0.8177083328125001 0.5546875 0.81640625 0.556640625 0.8138020828125001 0.548828125 0.79296875 0.5390625 0.7825520828125 0.5087890625 0.7265625
17 0.6044921875 0.7604166671875 0.5859375 0.7591145828125 0.6083984375 0.7942708328125 0.619140625 0.79296875 0.6376953125 0.7864583328125 0.640625 0.7799479171875 0.6298828125 0.7708333328125 0.6044921875 0.7604166671875
17 0.515625 0.8372395828125001 0.5166015625 0.8411458328125001 0.5419921875 0.8541666671874999 0.548828125 0.8528645828125001 0.564453125 0.8450520828125001 0.564453125 0.8372395828125001 0.5556640625 0.8177083328125001 0.515625 0.8372395828125001
17 0.68359375 0.7799479171875 0.6767578125 0.7734375 0.6669921875 0.7734375 0.6279296875 0.7916666671875 0.5927734375 0.8020833328125001 0.58984375 0.8111979171874999 0.59375 0.8294270828125001 0.5966796875 0.8333333328125001 0.6015625 0.83203125 0.6298828125 0.8177083328125001 0.6826171875 0.7994791671875 0.685546875 0.7955729171875 0.68359375 0.7799479171875
17 0.4423828125 0.9088541671874999 0.4326171875 0.9114583328125001 0.43359375 0.9283854171874999 0.455078125 0.9934895828125001 0.4599609375 1 0.46875 0.9986979171874999 0.46875 0.9908854171874999 0.451171875 0.94140625 0.4453125 0.9127604171874999 0.4423828125 0.9088541671874999
17 0.6591796875 0.9192708328125001 0.6474609375 0.9088541671874999 0.6337890625 0.90625 0.6220703125 0.8958333328125001 0.6123046875 0.8932291671874999 0.5986328125 0.8776041671874999 0.5888671875 0.8776041671874999 0.5341796875 0.8489583328125001 0.4697265625 0.8229166671874999 0.4208984375 0.8125 0.3291015625 0.78125 0.3154296875 0.7786458328125 0.3125 0.7825520828125 0.310546875 0.80078125 0.3154296875 0.8098958328125001 0.3232421875 0.8151041671874999 0.3583984375 0.8229166671874999 0.3896484375 0.8411458328125001 0.4052734375 0.84375 0.4423828125 0.8619791671874999 0.5048828125 0.8828125 0.5263671875 0.8958333328125001 0.5693359375 0.9114583328125001 0.5810546875 0.921875 0.5927734375 0.9192708328125001 0.5947265625 0.9244791671874999 0.6123046875 0.9296875 0.6201171875 0.9375 0.6298828125 0.9401041671874999 0.6357421875 0.9479166671874999 0.669921875 0.9622395828125001 0.673828125 0.9518229171874999 0.685546875 0.94140625 0.6767578125 0.9270833328125001 0.6591796875 0.9192708328125001
17 0.333984375 0.9778645828125001 0.3359375 0.99609375 0.3515625 0.99609375 0.345703125 0.9361979171874999 0.3291015625 0.9322916671874999 0.32421875 0.9440104171874999 0.333984375 0.9778645828125001
17 0.328125 0.82421875 0.3212890625 0.8125 0.3134765625 0.8098958328125001 0.30859375 0.8033854171874999 0.310546875 0.7877604171875 0.318359375 0.7721354171875 0.310546875 0.74609375 0.310546875 0.72265625 0.298828125 0.6393229171875 0.2880859375 0.6145833328125 0.2763671875 0.6119791671875 0.26953125 0.62109375 0.275390625 0.6861979171875 0.279296875 0.7096354171875 0.287109375 0.72265625 0.283203125 0.7278645828125 0.283203125 0.7356770828125 0.287109375 0.7434895828125 0.291015625 0.7799479171875 0.296875 0.7981770828125 0.298828125 0.82421875 0.318359375 0.90234375 0.3203125 0.9309895828125001 0.32421875 0.93359375 0.32421875 0.8997395828125001 0.3349609375 0.8932291671874999 0.337890625 0.8815104171874999 0.328125 0.82421875
17 0.3466796875 0.8229166671874999 0.3349609375 0.8203125 0.33203125 0.82421875 0.33203125 0.8346354171874999 0.3359375 0.8763020828125001 0.3408203125 0.8880208328125001 0.345703125 0.88671875 0.3505859375 0.8854166671874999 0.353515625 0.87890625 0.349609375 0.83203125 0.3466796875 0.8229166671874999
17 0.34375 0.5638020828125 0.3388671875 0.5494791671875 0.3251953125 0.5494791671875 0.322265625 0.5533854171875 0.322265625 0.5768229171875 0.328125 0.6549479171875 0.32421875 0.6940104171875 0.32421875 0.7669270828125 0.3291015625 0.78125 0.353515625 0.78515625 0.35546875 0.76171875 0.3515625 0.73828125 0.349609375 0.6393229171875 0.34375 0.5638020828125
17 0.3251953125 0.9713541671874999 0.326171875 0.9622395828125001 0.314453125 0.94140625 0.3125 0.9283854171874999 0.3056640625 0.9244791671874999 0.3046875 0.9309895828125001 0.30859375 0.9361979171874999 0.3037109375 0.9375 0.30078125 0.93359375 0.294921875 0.9127604171874999 0.2998046875 0.9114583328125001 0.3037109375 0.9166666671874999 0.302734375 0.9075520828125001 0.298828125 0.9049479171874999 0.294921875 0.8919270828125001 0.23046875 0.7669270828125 0.208984375 0.70703125 0.2001953125 0.6953125 0.1865234375 0.703125 0.1875 0.7200520828125 0.21875 0.7825520828125 0.2265625 0.80859375 0.2578125 0.8736979171874999 0.30078125 0.9830729171874999 0.3095703125 0.9973958328125001 0.32421875 0.9986979171874999 0.326171875 0.98828125 0.3125 0.9596354171874999 0.3193359375 0.9609375 0.3251953125 0.9713541671874999
17 0.6494140625 0.8333333328125001 0.640625 0.83984375 0.6708984375 0.8828125 0.7138671875 0.9348958328125001 0.72265625 0.93359375 0.736328125 0.9127604171874999 0.736328125 0.9049479171874999 0.6787109375 0.8255208328125001 0.6494140625 0.8333333328125001
17 0.5947265625 0.9166666671874999 0.5927734375 0.9192708328125001 0.5771484375 0.9140625 0.57421875 0.91796875 0.576171875 0.92578125 0.59765625 0.9674479171874999 0.60546875 0.9934895828125001 0.6123046875 1 0.6328125 0.9986979171874999 0.6328125 0.98046875 0.6171875 0.9309895828125001 0.6064453125 0.9270833328125001 0.5947265625 0.9166666671874999
17 0.501953125 0.89453125 0.4775390625 0.8984375 0.474609375 0.91015625 0.484375 0.9518229171874999 0.490234375 0.99609375 0.4931640625 1 0.51953125 0.9986979171874999 0.521484375 0.9934895828125001 0.517578125 0.98046875 0.515625 0.94921875 0.501953125 0.89453125
17 0.51953125 0.8971354171874999 0.5546875 0.98828125 0.5634765625 1 0.5859375 0.9986979171874999 0.5546875 0.91015625 0.5439453125 0.9010416671874999 0.5205078125 0.8932291671874999 0.51953125 0.8971354171874999
17 0.3720703125 0.921875 0.37109375 0.91796875 0.375 0.9153645828125001 0.3720703125 0.90625 0.3525390625 0.9114583328125001 0.349609375 0.9153645828125001 0.3525390625 0.9192708328125001 0.3623046875 0.9140625 0.369140625 0.9231770828125001 0.365234375 0.9309895828125001 0.369140625 0.9466145828125001 0.373046875 0.99609375 0.3759765625 1 0.396484375 0.9986979171874999 0.400390625 0.98828125 0.392578125 0.92578125 0.3857421875 0.9192708328125001 0.3720703125 0.921875
17 0.4501953125 0.5885416671875 0.44140625 0.6028645828125 0.439453125 0.6184895828125 0.4677734375 0.6536458328125 0.4912109375 0.6666666671875 0.49609375 0.6653645828125 0.5 0.6549479171875 0.4609375 0.59765625 0.4541015625 0.5885416671875 0.4501953125 0.5885416671875
17 0.62109375 0.9830729171874999 0.6181640625 0.9765625 0.62890625 0.98046875 0.62109375 0.94140625 0.6181640625 0.9375 0.6103515625 0.9375 0.6064453125 0.9270833328125001 0.5966796875 0.9270833328125001 0.5927734375 0.9192708328125001 0.5810546875 0.9166666671874999 0.583984375 0.93359375 0.60546875 0.9752604171874999 0.607421875 0.9934895828125001 0.615234375 0.99609375 0.625 0.98828125 0.6240234375 0.984375 0.619140625 0.9856770828125001 0.62109375 0.9830729171874999
17 0.587890625 0.8033854171874999 0.58203125 0.7981770828125 0.58203125 0.78515625 0.5791015625 0.7786458328125 0.5771484375 0.78125 0.572265625 0.7747395828125 0.564453125 0.7565104171875 0.5625 0.73828125 0.546875 0.7122395828125 0.546875 0.7044270828125 0.537109375 0.68359375 0.515625 0.6080729171875 0.51171875 0.59765625 0.505859375 0.5924479171875 0.505859375 0.5794270828125 0.498046875 0.5611979171875 0.498046875 0.55078125 0.4912109375 0.5494791671875 0.48828125 0.55859375 0.4921875 0.56640625 0.49609375 0.5924479171875 0.50390625 0.59765625 0.509765625 0.6497395828125 0.5234375 0.69140625 0.53125 0.73046875 0.546875 0.7747395828125 0.548828125 0.7903645828125 0.552734375 0.7955729171875 0.5546875 0.8111979171874999 0.56640625 0.83984375 0.572265625 0.86328125 0.5703125 0.8736979171874999 0.5830078125 0.8776041671874999 0.578125 0.8841145828125001 0.5849609375 0.8854166671874999 0.5869140625 0.8932291671874999 0.5908203125 0.8880208328125001 0.5947265625 0.8958333328125001 0.60546875 0.8971354171874999 0.607421875 0.8893229171874999 0.603515625 0.8841145828125001 0.591796875 0.81640625 0.587890625 0.8033854171874999
17 0.4111328125 0.625 0.40625 0.62890625 0.404296875 0.64453125 0.3984375 0.6575520828125 0.3994140625 0.6666666671875 0.4638671875 0.7057291671875 0.4775390625 0.7083333328125 0.5146484375 0.7291666671875 0.53125 0.73046875 0.521484375 0.6861979171875 0.5166015625 0.6796875 0.4345703125 0.6354166671875 0.4111328125 0.625