14 0.5859375 0.51875 0.29453125 0.5171875
14 0.665625 0.80390625 0.228125 0.3921875
14 0.46875 0.8703125 0.21796875 0.259375
14 0.1875 0.79296875 0.2484375 0.4140625
14 0.2296875 0.25078125 0.33203125 0.5015625
14 0.1953125 0.51875 0.2015625 0.4484375
14 0.42265625 0.35546875 0.16796875 0.6578125
14 0.465625 0.59609375 0.1140625 0.16171875
14 0.33515625 0.74296875 0.15703125 0.49921875
14 0.434375 0.34140625 0.20859375 0.56015625
14 0.3453125 0.5 0.065625 0.103125
14 0.40546875 0.71796875 0.04140625 0.140625
14 0.45859375 0.703125 0.06640625 0.1484375