4 0.6808035714285714 0.20982142857142858 0.4955357142857143 0.41964285714285715
4 0.421875 0.2767857142857143 0.39285714285714285 0.41517857142857145
4 0.20758928571428573 0.37723214285714285 0.30357142857142855 0.35267857142857145
4 0.7589285714285714 0.5089285714285714 0.25892857142857145 0.18303571428571427
4 0.609375 0.45535714285714285 0.26339285714285715 0.18303571428571427
4 0.75 0.7008928571428571 0.38392857142857145 0.26339285714285715
4 0.7544642857142857 0.8638392857142857 0.35267857142857145 0.21875
4 0.5089285714285714 0.8415178571428571 0.3080357142857143 0.2544642857142857
4 0.31919642857142855 0.8303571428571429 0.2544642857142857 0.29017857142857145
4 0.15178571428571427 0.7924107142857143 0.20982142857142858 0.23660714285714285
4 0.45089285714285715 0.6049107142857143 0.29910714285714285 0.26339285714285715
4 0.19642857142857142 0.59375 0.26785714285714285 0.29464285714285715