2 0.9151785714285714 0.42410714285714285 0.09821428571428571 0.5625
2 0.8415178571428571 0.40401785714285715 0.09375 0.6383928571428571
2 0.7633928571428571 0.4375 0.11160714285714286 0.6294642857142857
2 0.6808035714285714 0.4263392857142857 0.11160714285714286 0.6428571428571429
2 0.6004464285714286 0.4419642857142857 0.11160714285714286 0.6160714285714286
2 0.5133928571428571 0.43526785714285715 0.11607142857142858 0.5848214285714286
2 0.43526785714285715 0.46205357142857145 0.11607142857142858 0.59375
2 0.35044642857142855 0.43526785714285715 0.11160714285714286 0.6294642857142857
2 0.25892857142857145 0.4419642857142857 0.125 0.6875
2 0.16741071428571427 0.4330357142857143 0.12946428571428573 0.6785714285714286
2 0.08258928571428571 0.453125 0.11607142857142858 0.5982142857142857