10 0.47544642857142855 0.8236607142857143 0.33482142857142855 0.35267857142857145
10 0.703125 0.7589285714285714 0.35714285714285715 0.30357142857142855
10 0.9040178571428571 0.6741071428571429 0.19196428571428573 0.4017857142857143
10 0.8058035714285714 0.6160714285714286 0.25892857142857145 0.2857142857142857
10 0.5178571428571429 0.5334821428571429 0.23660714285714285 0.28125
10 0.33705357142857145 0.71875 0.22767857142857142 0.24107142857142858
10 0.7611607142857143 0.4375 0.20535714285714285 0.24107142857142858
10 0.90625 0.41294642857142855 0.1875 0.2544642857142857
10 0.3013392857142857 0.4888392857142857 0.19642857142857142 0.25892857142857145
10 0.19196428571428573 0.6361607142857143 0.21875 0.26785714285714285
10 0.6540178571428571 0.359375 0.23660714285714285 0.25
10 0.8080357142857143 0.23883928571428573 0.21428571428571427 0.23214285714285715
10 0.3950892857142857 0.25223214285714285 0.21875 0.23660714285714285
10 0.5535714285714286 0.30580357142857145 0.22321428571428573 0.25
10 0.4375 0.4107142857142857 0.21428571428571427 0.22321428571428573
10 0.24330357142857142 0.3169642857142857 0.20982142857142858 0.19642857142857142
10 0.12053571428571429 0.46875 0.24107142857142858 0.21428571428571427
10 0.060267857142857144 0.359375 0.12053571428571429 0.20982142857142858
10 0.11383928571428571 0.24776785714285715 0.1875 0.19196428571428573
10 0.8459821428571429 0.140625 0.16517857142857142 0.21875
10 0.7410714285714286 0.09375 0.21428571428571427 0.1875
10 0.5982142857142857 0.09598214285714286 0.1875 0.19196428571428573