10 0.09598214285714286 0.7098214285714286 0.19196428571428573 0.36607142857142855
10 0.26785714285714285 0.8258928571428571 0.24107142857142858 0.32589285714285715
10 0.6183035714285714 0.875 0.20982142857142858 0.25
10 0.4642857142857143 0.7165178571428571 0.26339285714285715 0.39732142857142855
10 0.2544642857142857 0.46875 0.3392857142857143 0.375
10 0.6540178571428571 0.5803571428571429 0.22767857142857142 0.4107142857142857
10 0.8214285714285714 0.7924107142857143 0.26339285714285715 0.375
10 0.5133928571428571 0.35044642857142855 0.25 0.4107142857142857
10 0.6964285714285714 0.2544642857142857 0.2767857142857143 0.30357142857142855
10 0.8616071428571429 0.38169642857142855 0.22321428571428573 0.45535714285714285
10 0.16294642857142858 0.16741071428571427 0.29017857142857145 0.33482142857142855
10 0.40401785714285715 0.15178571428571427 0.23660714285714285 0.30357142857142855