9 0.84375 0.125 0.20535714285714285 0.25
9 0.6964285714285714 0.11830357142857142 0.20535714285714285 0.23660714285714285
9 0.5066964285714286 0.12723214285714285 0.20982142857142858 0.2544642857142857
9 0.36830357142857145 0.109375 0.21428571428571427 0.21428571428571427
9 0.41294642857142855 0.3236607142857143 0.23214285714285715 0.30357142857142855
9 0.17857142857142858 0.24107142857142858 0.2544642857142857 0.27232142857142855
9 0.05133928571428571 0.25892857142857145 0.10267857142857142 0.25
9 0.15848214285714285 0.48660714285714285 0.25892857142857145 0.32589285714285715
9 0.9241071428571429 0.3392857142857143 0.15178571428571427 0.3125
9 0.7901785714285714 0.32142857142857145 0.24107142857142858 0.29464285714285715
9 0.6629464285714286 0.43080357142857145 0.19196428571428573 0.23214285714285715
9 0.5625 0.3392857142857143 0.17857142857142858 0.24107142857142858
9 0.5223214285714286 0.5334821428571429 0.25 0.26339285714285715
9 0.45089285714285715 0.7366071428571429 0.22767857142857142 0.33482142857142855
9 0.6026785714285714 0.7299107142857143 0.22767857142857142 0.3482142857142857
9 0.8928571428571429 0.6785714285714286 0.21428571428571427 0.25892857142857145