68 0.6827272734375 0.3345454546875 0.63181818125 0.3254545453125 0.5327272734374999 0.3336363640625 0.5463636359375 0.34363636406250003 0.6172727265625 0.350909090625 0.6772727265625 0.3763636359375 0.710909090625 0.40636363593749997 0.80181818125 0.5136363640625 0.8127272734375 0.5154545453125 0.7854545453124999 0.4663636359375 0.770909090625 0.4227272734375 0.7454545453125 0.3845454546875 0.6827272734375 0.3345454546875
68 0.4663636359375 0.33818181875 0.4027272734375 0.34363636406250003 0.3563636359375 0.360909090625 0.3736363640625 0.3745454546875 0.4045454546875 0.3672727265625 0.45545454531249996 0.3745454546875 0.51 0.4 0.5654545453125001 0.45181818125 0.5909090906250001 0.51 0.6127272734375 0.53 0.6145454546875 0.519090909375 0.5654545453125001 0.4045454546875 0.5263636359375 0.3636363640625 0.4663636359375 0.33818181875
68 0.5563636359374999 0.37181818125 0.5563636359374999 0.38818181875 0.5872727265625 0.43 0.6354545453125 0.48181818125 0.6763636359375 0.5027272734375 0.6799999999999999 0.48818181875000005 0.6599999999999999 0.4463636359375 0.5663636359375 0.36181818125 0.5563636359374999 0.37181818125
68 0.5918181812500001 0.3654545453125 0.5900000000000001 0.3745454546875 0.62818181875 0.3945454546875 0.649090909375 0.41727272656250003 0.6927272734375001 0.5172727265625 0.71818181875 0.5445454546875 0.7527272734375 0.6263636359375 0.7636363640625 0.63 0.7 0.43 0.6781818187499999 0.400909090625 0.639090909375 0.3672727265625 0.5918181812500001 0.3654545453125
68 0.8136363640625 0.4254545453125 0.7463636359375 0.37818181875 0.7527272734375 0.399090909375 0.8 0.46090909062499996 0.82 0.499090909375 0.8363636359375001 0.559090909375 0.9436363640625001 0.6954545453125001 0.96181818125 0.7063636359375 0.96 0.6936363640625001 0.8836363640625 0.5845454546875 0.849090909375 0.47181818125 0.8136363640625 0.4254545453125
68 0.4645454546875 0.6799999999999999 0.31181818125 0.6672727265625 0.2754545453125 0.6527272734375 0.21909090937500003 0.5963636359375 0.21090909062500002 0.600909090625 0.21181818125000001 0.62181818125 0.14818181875 0.6254545453125 0.04 0.6736363640625 0.046363635937499995 0.6799999999999999 0.09 0.6818181812499999 0.1263636359375 0.6672727265625 0.16818181875 0.6636363640625 0.2627272734375 0.6818181812499999 0.34090909062499997 0.7254545453125 0.36818181875 0.7327272734375 0.49000000000000005 0.73818181875 0.58181818125 0.8445454546875 0.5963636359375 0.85181818125 0.5963636359375 0.8336363640625001 0.530909090625 0.759090909375 0.49000000000000005 0.6927272734375001 0.4645454546875 0.6799999999999999
68 0.20636363593749998 0.450909090625 0.2036363640625 0.45545454531249996 0.30181818125 0.5972727265625 0.33909090937499997 0.630909090625 0.3763636359375 0.6445454546875 0.3836363640625 0.6136363640625 0.3163636359375 0.5536363640624999 0.239090909375 0.4654545453125 0.20636363593749998 0.450909090625
68 0.2627272734375 0.5654545453125001 0.1863636359375 0.51818181875 0.1545454546875 0.5227272734375 0.21909090937500003 0.5709090906250001 0.24818181875 0.6036363640625 0.30818181875 0.64 0.3345454546875 0.64818181875 0.3336363640625 0.64181818125 0.34363636406250003 0.640909090625 0.33999999999999997 0.6354545453125 0.2627272734375 0.5654545453125001
68 0.3336363640625 0.46363636406250003 0.3245454546875 0.45818181874999997 0.30727272656250004 0.46272727343750003 0.3054545453125 0.49000000000000005 0.3127272734375 0.5063636359375 0.3536363640625 0.5472727265625 0.45363636406249996 0.6 0.5 0.61 0.50181818125 0.5972727265625 0.4845454546875 0.5763636359375 0.41727272656250003 0.5363636359374999 0.3336363640625 0.46363636406250003
68 0.43727272656249994 0.4727272734375 0.3363636359375 0.43181818125 0.3536363640625 0.46909090937500003 0.42818181875 0.5127272734375 0.4972727265625 0.57818181875 0.5536363640624999 0.6036363640625 0.62 0.64818181875 0.6163636359375 0.6336363640625 0.580909090625 0.6072727265625 0.480909090625 0.5 0.43727272656249994 0.4727272734375
68 0.45909090937499997 0.40545454531249997 0.43 0.40545454531249997 0.44000000000000006 0.43181818125 0.45363636406249996 0.44000000000000006 0.4436363640625 0.42818181875 0.44818181875 0.4236363640625 0.45818181874999997 0.43363636406249995 0.45818181874999997 0.4445454546875 0.4745454546875 0.45909090937499997 0.48 0.47727272656249997 0.57818181875 0.600909090625 0.58181818125 0.5881818187500001 0.5563636359374999 0.5245454546875 0.509090909375 0.45 0.45909090937499997 0.40545454531249997