11 0.084375 0.69765625 0.1625 0.096875
11 0.24453125 0.546875 0.11484375 0.121875
11 0.37734375 0.3875 0.10390625 0.09921875
11 0.52578125 0.0328125 0.034375 0.0515625
11 0.5578125 0.490625 0.0875 0.10390625
11 0.54921875 0.084375 0.03515625 0.05546875
11 0.6375 0.13125 0.04609375 0.0765625
11 0.66171875 0.11328125 0.0203125 0.02890625
11 0.74140625 0.47421875 0.11171875 0.125
11 0.7859375 0.1453125 0.04765625 0.06015625
11 0.86484375 0.15078125 0.0375 0.053125
11 0.86640625 0.09609375 0.0171875 0.015625
11 0.89765625 0.16875 0.034375 0.034375
11 0.9421875 0.5921875 0.0890625 0.1203125
11 0.91875 0.14765625 0.0390625 0.05
11 0.96328125 0.12890625 0.046875 0.0484375