126 0.54375 0.328125 0.55375 0.29562499999999997 0.5506249999999999 0.29 0.53625 0.305625 0.50875 0.353125 0.46749999999999997 0.390625 0.42000000000000004 0.46687500000000004 0.36 0.6068749999999999 0.38875000000000004 0.619375 0.44749999999999995 0.548125 0.51625 0.436875 0.5349999999999999 0.393125 0.54375 0.328125
126 0.49375 0.536875 0.49375 0.526875 0.521875 0.5075000000000001 0.58 0.45062499999999994 0.5925 0.40062499999999995 0.6275000000000001 0.34562499999999996 0.624375 0.3375 0.618125 0.33625 0.609375 0.34249999999999997 0.589375 0.3675 0.551875 0.3975 0.50625 0.45187499999999997 0.42000000000000004 0.599375 0.4125 0.624375 0.4325 0.630625 0.48250000000000004 0.566875 0.50625 0.5443749999999999 0.505625 0.54 0.49375 0.536875
126 0.43375 0.35812499999999997 0.44000000000000006 0.338125 0.43 0.323125 0.418125 0.32 0.403125 0.32625000000000004 0.393125 0.325 0.340625 0.36375 0.30625 0.40812499999999996 0.25187499999999996 0.46375 0.17625 0.5231250000000001 0.176875 0.53125 0.1875 0.530625 0.20437500000000003 0.5287499999999999 0.246875 0.51 0.344375 0.445 0.43375 0.35812499999999997
126 0.21375000000000002 0.6743750000000001 0.15625 0.625625 0.105625 0.5650000000000001 0.10500000000000001 0.5756249999999999 0.1575 0.645625 0.17250000000000001 0.704375 0.20249999999999999 0.748125 0.278125 0.8099999999999999 0.325625 0.83625 0.355 0.843125 0.364375 0.8425 0.36625 0.838125 0.26625 0.754375 0.21375000000000002 0.6743750000000001
126 0.388125 0.7212500000000001 0.359375 0.7075 0.34750000000000003 0.708125 0.369375 0.76 0.42374999999999996 0.7631249999999999 0.468125 0.76 0.47125000000000006 0.750625 0.45187499999999997 0.73625 0.388125 0.7212500000000001
126 0.20812499999999998 0.57875 0.205 0.5818749999999999 0.22625 0.620625 0.23500000000000001 0.680625 0.24375 0.6993750000000001 0.255625 0.71375 0.30874999999999997 0.743125 0.3 0.676875 0.24874999999999997 0.649375 0.22125 0.593125 0.20812499999999998 0.57875
126 0.8 0.359375 0.7837500000000001 0.328125 0.73875 0.26687500000000003 0.6993750000000001 0.22875 0.6756249999999999 0.22000000000000003 0.6799999999999999 0.238125 0.74375 0.339375 0.7675 0.429375 0.78 0.45562500000000006 0.8 0.479375 0.8237500000000001 0.545625 0.83125 0.563125 0.83625 0.564375 0.8387499999999999 0.553125 0.81125 0.46687500000000004 0.8162499999999999 0.414375 0.8 0.359375
126 0.8943749999999999 0.4125 0.846875 0.45 0.81375 0.464375 0.8175000000000001 0.491875 0.825 0.49312500000000004 0.8768750000000001 0.4375 0.9025000000000001 0.416875 0.9018750000000001 0.41125 0.8943749999999999 0.4125
126 0.7943749999999999 0.475 0.764375 0.48875 0.7462500000000001 0.506875 0.76125 0.553125 0.775 0.569375 0.79125 0.535625 0.8099999999999999 0.5131249999999999 0.80625 0.495625 0.7943749999999999 0.475
126 0.7725 0.591875 0.7537499999999999 0.565625 0.74125 0.530625 0.734375 0.52625 0.7262500000000001 0.545625 0.72 0.583125 0.71375 0.678125 0.6775 0.745625 0.67125 0.7631249999999999 0.67125 0.770625 0.67625 0.771875 0.745 0.688125 0.76 0.654375 0.7725 0.604375 0.7725 0.591875
126 0.655625 0.43375 0.6224999999999999 0.464375 0.60375 0.49812500000000004 0.59375 0.528125 0.5900000000000001 0.628125 0.61125 0.635625 0.595 0.6481250000000001 0.595 0.653125 0.604375 0.67625 0.63 0.678125 0.64625 0.566875 0.67375 0.48187499999999994 0.6693749999999999 0.43 0.655625 0.43375