68 0.16875 0.6076388890625 0.120703125 0.5305555562500001 0.102734375 0.5125 0.092578125 0.5111111109375 0.0921875 0.5243055562500001 0.11015625 0.5604166671875 0.1203125 0.59375 0.14609375 0.6548611109375 0.155078125 0.66805555625 0.1640625 0.6673611109375 0.1703125 0.659027778125 0.17421875 0.64375 0.17421875 0.628472221875 0.16875 0.6076388890625
68 0.21875 0.51319444375 0.21484375 0.48541666718750004 0.210546875 0.4791666671875 0.2078125 0.4826388890625 0.20546875 0.5576388890625 0.21171875 0.61180555625 0.216015625 0.6166666671875001 0.219921875 0.5986111109375 0.2203125 0.6076388890625 0.23125 0.63680555625 0.239453125 0.647222221875 0.24375 0.6465277781250001 0.25 0.63680555625 0.25234375 0.6145833328125 0.24140625 0.5701388890625 0.21875 0.51319444375
68 0.57109375 0.4604166671875 0.5609375 0.41041666718750003 0.553515625 0.40138888906250003 0.5484375 0.4145833328125 0.5484375 0.43680555625000006 0.55703125 0.58125 0.56328125 0.61875 0.5703125 0.63680555625 0.578515625 0.652777778125 0.5859375 0.653472221875 0.590625 0.6451388890625 0.590625 0.63125 0.578125 0.55625 0.57109375 0.4604166671875
68 0.556640625 0.7013888890625 0.542578125 0.7013888890625 0.5375 0.70625 0.53671875 0.715972221875 0.541015625 0.7263888890625 0.569921875 0.7583333328124999 0.581640625 0.7791666671875 0.61171875 0.78680555625 0.61640625 0.7673611109375 0.615625 0.7506944437499999 0.598828125 0.722222221875 0.556640625 0.7013888890625
68 0.507421875 0.0625 0.50234375 0.0701388890625 0.504296875 0.07638888906249999 0.531640625 0.097222221875 0.548828125 0.12222222187500001 0.556640625 0.1291666671875 0.5640625 0.12847222187500001 0.5625 0.1020833328125 0.541796875 0.07083333281250001 0.523046875 0.059722221875 0.507421875 0.0625
68 0.562109375 0.0388888890625 0.531640625 0.034722221875 0.509765625 0.013888889062500001 0.49765625 0.014583332812499999 0.509375 0.04930555625 0.507421875 0.05694444375 0.519140625 0.058333332812500006 0.540234375 0.07083333281250001 0.56171875 0.0951388890625 0.582421875 0.0791666671875 0.58671875 0.071527778125 0.5859375 0.0645833328125 0.562109375 0.0388888890625
68 0.126171875 0.42083333281249996 0.104296875 0.41805555625 0.094140625 0.427777778125 0.087109375 0.427777778125 0.0796875 0.43958333281249995 0.095703125 0.45416666718750004 0.110546875 0.45416666718750004 0.136328125 0.46805555625000006 0.14609375 0.4673611109375 0.14765625 0.45347222187499997 0.14453125 0.44097222187499996 0.140234375 0.43194444374999996 0.126171875 0.42083333281249996
68 0 0.5145833328125 0.003125 0.5145833328125 0.024609375 0.5111111109375 0.059765625 0.49583333281249997 0.07265625 0.48125 0.07421875 0.46458333281249997 0.064453125 0.45555555625000005 0.054296875 0.45555555625000005 0.016015625 0.4791666671875 0 0.4923611109375 0 0.5145833328125
68 0.800390625 0.5625 0.783203125 0.54444444375 0.771484375 0.54305555625 0.76796875 0.54930555625 0.76953125 0.5701388890625 0.80625 0.653472221875 0.826953125 0.6861111109375 0.83984375 0.6881944437499999 0.85078125 0.6729166671875 0.85 0.65625 0.8421875 0.634027778125 0.800390625 0.5625
68 0.602734375 0.7833333328125 0.580859375 0.7791666671875 0.543359375 0.797222221875 0.5234375 0.82430555625 0.52421875 0.8340277781250001 0.530078125 0.840277778125 0.5765625 0.840972221875 0.605859375 0.8375 0.6140625 0.81875 0.6140625 0.79930555625 0.602734375 0.7833333328125
68 0.383203125 0.6583333328125 0.364453125 0.665277778125 0.35390625 0.6770833328125 0.358203125 0.690277778125 0.363671875 0.69305555625 0.4421875 0.6979166671875 0.4484375 0.6895833328125 0.45390625 0.6631944437499999 0.437890625 0.647222221875 0.383203125 0.6583333328125
68 0.209765625 0.6736111109375 0.193359375 0.675 0.18359375 0.6854166671875 0.18359375 0.696527778125 0.189453125 0.709722221875 0.205078125 0.7138888890625 0.230859375 0.7402777781250001 0.23671875 0.7395833328125 0.24765625 0.7201388890625 0.2453125 0.69930555625 0.240234375 0.6916666671875 0.209765625 0.6736111109375
68 0.197265625 0.7736111109375 0.174609375 0.775 0.126953125 0.80694444375 0.11484375 0.8229166671874999 0.119921875 0.834722221875 0.165625 0.8368055562500001 0.200390625 0.8291666671875 0.21015625 0.8118055562500001 0.21015625 0.7881944437499999 0.197265625 0.7736111109375