68 0.3184438046875 0.35 0.302593659375 0.358928571875 0.3083573484375 0.38392857187499996 0.3386167140625 0.41071428593750003 0.4481268015625 0.4607142859375 0.498559078125 0.4625 0.54178674375 0.4482142859375 0.514409221875 0.43214285781250006 0.459654178125 0.428571428125 0.3184438046875 0.35
68 0.24351585 0.48214285781250005 0.23054755 0.5089285718750001 0.4063400578125 0.6982142859375 0.414985590625 0.6875 0.360230546875 0.583928571875 0.286743515625 0.496428571875 0.24351585 0.48214285781250005
68 0.2953890484375 0.575 0.273775215625 0.583928571875 0.28242075 0.6303571421874999 0.3472622484375 0.7071428578125001 0.4553314125 0.7625 0.4639769453125 0.7410714281249999 0.456772334375 0.728571428125 0.4106628234375 0.7142857140625 0.2953890484375 0.575
68 0.1224783859375 0.35 0.2046109515625 0.5089285718750001 0.244956771875 0.5375 0.2219020171875 0.5017857140624999 0.2247838609375 0.46607142812499996 0.1930835734375 0.416071428125 0.1224783859375 0.35
68 0.6325648421875 0.40714285781250004 0.6051873203125 0.4232142859375 0.5072046109375 0.6696428578125 0.543227665625 0.65 0.59942363125 0.558928571875 0.628242075 0.4875 0.6325648421875 0.40714285781250004
68 0.7507204609375 0.425 0.574927953125 0.6 0.5533141203125 0.6375 0.5677233421875 0.6482142859375 0.7103746390625 0.55 0.76945245 0.47321428593750003 0.7780979828125 0.4303571421875 0.7507204609375 0.425
68 0.8674351578125 0.433928571875 0.8386167140625 0.5125 0.841498559375 0.6017857140625 0.85590778125 0.6303571421874999 0.870317003125 0.5303571421875 0.9193083578125 0.4482142859375 0.9034582125 0.41071428593750003 0.8674351578125 0.433928571875
68 0.828530259375 0.6571428578125 0.7478386171875 0.6642857140625 0.639769453125 0.7232142859375 0.6916426515625 0.7410714281249999 0.81700288125 0.7071428578125001 0.841498559375 0.6875 0.841498559375 0.6696428578125 0.828530259375 0.6571428578125
68 0.50288184375 0.775 0.443804034375 0.7946428578125 0.453890490625 0.8071428578125 0.5389048984375 0.8053571421875001 0.655619596875 0.775 0.674351584375 0.7410714281249999 0.569164265625 0.7321428578125 0.50288184375 0.775
68 0.402017290625 0.2392857140625 0.273775215625 0.308928571875 0.2752161390625 0.32142857187499996 0.3083573484375 0.3232142859375 0.3501440921875 0.3178571421875 0.4193083578125 0.2821428578125 0.4322766578125 0.24107142812500001 0.402017290625 0.2392857140625
68 0.42651296875 0.283928571875 0.45821325625 0.358928571875 0.52881844375 0.428571428125 0.5907780984375 0.45535714218749995 0.498559078125 0.35535714218750003 0.45821325625 0.2553571421875 0.430835734375 0.25 0.42651296875 0.283928571875
68 0.556195965625 0.2125 0.543227665625 0.2 0.5187319890625 0.22678571406249998 0.4927953890625 0.3196428578125 0.514409221875 0.371428571875 0.5706051875 0.4125 0.5792507203125 0.39464285781249997 0.5389048984375 0.3303571421875 0.556195965625 0.233928571875 0.556195965625 0.2125
68 0.786743515625 0.2553571421875 0.703170028125 0.3732142859375 0.6858789625 0.41964285781250005 0.697406340625 0.4267857140625 0.8270893375 0.266071428125 0.8530259359375 0.15535714218750002 0.8487031703125 0.13571428593749998 0.786743515625 0.2553571421875
68 0.184438040625 0.38392857187499996 0.1945244953125 0.4142857140625 0.3501440921875 0.4607142859375 0.4380403453125 0.5017857140624999 0.4322766578125 0.46964285781250004 0.3789625359375 0.428571428125 0.2348703171875 0.378571428125 0.184438040625 0.38392857187499996