22 0.84140625 0.08828125 0.31640625 0.1765625
22 0.74609375 0.0546875 0.2609375 0.109375
22 0.65546875 0.13203125 0.128125 0.0703125
22 0.625 0.0515625 0.06640625 0.1
161 0.4640625 0.08671875 0.1609375 0.16015625
161 0.31640625 0.09140625 0.15 0.15
77 0.078125 0.2796875 0.15546875 0.153125
77 0.053125 0.4265625 0.10546875 0.146875
19 0.38046875 0.428125 0.61640625 0.2234375
91 0.44453125 0.31171875 0.178125 0.1265625
67 0.76953125 0.35703125 0.4609375 0.33359375
40 0.2890625 0.64140625 0.35 0.1734375
154 0.5859375 0.33828125 0.1 0.08359375
31 0.125 0.88359375 0.25 0.1734375
109 0.75859375 0.9546875 0.13359375 0.08984375
109 0.825 0.928125 0.11640625 0.14296875