89 0.6 0.23671875 0.35546875 0.0734375
32 0.56953125 0.41640625 0.528125 0.153125
161 0.71953125 0.46796875 0.21640625 0.0703125
161 0.49140625 0.528125 0.2609375 0.08359375
22 0.29140625 0.7046875 0.18359375 0.18984375
22 0.446875 0.69296875 0.1609375 0.21328125
22 0.5140625 0.68828125 0.171875 0.2234375
22 0.353125 0.60703125 0.16640625 0.08671875
19 0.128125 0.45703125 0.25546875 0.30703125
77 0.2140625 0.28515625 0.2 0.1703125
77 0.06640625 0.27109375 0.1328125 0.1421875
40 0.128125 0.68828125 0.25546875 0.2234375