89 0.08046875 0.60859375 0.1609375 0.05
77 0.10859375 0.5453125 0.1390625 0.08359375
161 0.103125 0.478125 0.15546875 0.04296875
18 0.103125 0.35703125 0.20546875 0.06640625
155 0.096875 0.30234375 0.19375 0.0609375
22 0.371875 0.33671875 0.14453125 0.03984375
83 0.34453125 0.403125 0.13359375 0.046875
19 0.3609375 0.35703125 0.2 0.046875
109 0.3390625 0.521875 0.178125 0.05
77 0.321875 0.575 0.171875 0.0734375
114 0.54140625 0.5765625 0.19453125 0.08671875
18 0.54140625 0.503125 0.1390625 0.053125
31 0.8390625 0.41171875 0.26640625 0.08984375
91 0.85859375 0.33515625 0.278125 0.06640625
32 0.778125 0.50703125 0.23359375 0.09296875
133 0.95546875 0.546875 0.0890625 0.09296875
109 0.346875 0.48828125 0.171875 0.06328125
109 0.28359375 0.496875 0.121875 0.03359375
18 0.5609375 0.45859375 0.16640625 0.05703125
22 0.36640625 0.31171875 0.2109375 0.0234375
22 0.34453125 0.29140625 0.178125 0.03359375
67 0.571875 0.6953125 0.4 0.08671875
67 0.69140625 0.76171875 0.59453125 0.0765625