126 0.55703125 0.334375 0.059375 0.15859375
126 0.16875 0.3625 0.0625 0.2109375
126 0.38828125 0.42578125 0.0640625 0.22109375
126 0.26171875 0.5171875 0.0609375 0.32734375
126 0.1734375 0.58515625 0.0546875 0.190625
126 0.47109375 0.6046875 0.0421875 0.28515625
126 0.67109375 0.690625 0.11328125 0.26875
126 0.10859375 0.7 0.0640625 0.22265625
126 0.32421875 0.74296875 0.0375 0.22109375
126 0.5421875 0.7703125 0.05703125 0.203125
126 0.46875 0.84453125 0.06640625 0.22265625
126 0.2859375 0.26171875 0.0828125 0.15078125
126 0.640625 0.27421875 0.1 0.16640625