99 0.351449275 0.6557377046874999 0.3949275359375 0.6284153 0.37681159375 0.3005464484375 0.32246376875 0.2131147546875 0.24637681093750002 0.18032786875 0.1666666671875 0.20218579218750002 0.1521739125 0.2131147546875 0.1050724640625 0.3387978140625 0.1050724640625 0.44808743125 0.1304347828125 0.5573770484375 0.2173913046875 0.6065573765625001 0.351449275 0.6557377046874999
99 0.590579709375 0.7595628421875 0.6340579703125 0.7868852453125 0.7789855078125 0.677595628125 0.7934782609375 0.5792349734375 0.7934782609375 0.464480875 0.77536231875 0.38797814218750004 0.72463768125 0.3060109296875 0.6666666671875 0.27322404375 0.6268115937500001 0.27322404375 0.5434782609375 0.36612021875 0.514492753125 0.45901639375 0.5072463765624999 0.5464480875 0.514492753125 0.6229508203125 0.536231884375 0.6830601093750001 0.590579709375 0.7595628421875
99 0.8115942031250001 0.47540983593749997 0.8659420296875 0.42622950781249996 0.8659420296875 0.3606557375 0.851449275 0.26229508125 0.8369565218749999 0.224043715625 0.7789855078125 0.15300546406249999 0.739130434375 0.131147540625 0.6702898546875 0.125683059375 0.6050724640625 0.19125683124999998 0.5833333328125 0.224043715625 0.586956521875 0.2841530046875 0.7934782609375 0.47540983593749997 0.8115942031250001 0.47540983593749997
99 0.5724637687499999 0.322404371875 0.5688405796875 0.3060109296875 0.54710145 0.278688525 0.4818840578125 0.25683060156250004 0.40942029062499996 0.26229508125 0.37681159375 0.2841530046875 0.3804347828125 0.54098360625 0.398550725 0.6229508203125 0.5181159421875 0.64480874375 0.5724637687499999 0.322404371875
99 0.351449275 0 0.34420289843749996 0.0109289625 0.34420289843749996 0.136612021875 0.40579710156250004 0.25683060156250004 0.4166666671875 0.26229508125 0.5 0.26229508125 0.5543478265624999 0.2896174859375 0.5797101453125 0.2896174859375 0.586956521875 0.2131147546875 0.6449275359375 0.142076503125 0.637681159375 0.131147540625 0.637681159375 0.092896175 0.6449275359375 0.0710382515625 0.637681159375 0.0218579234375 0.6231884062499999 0.0109289625 0.6231884062499999 0 0.351449275 0
99 1 0.43715847031250005 0.9202898546875 0.40983606562499997 0.87681159375 0.42076502656250003 0.8007246374999999 0.4808743171875 0.7826086953125 0.6994535515625 0.862318840625 0.7322404375 0.9021739125 0.765027321875 0.92391304375 0.8087431687500001 0.9311594203125001 0.9125683062500001 0.9420289859375 0.9180327875 1 0.8907103828125 1 0.43715847031250005
99 0.9130434781250001 1 0.9347826093749999 0.961748634375 0.9347826093749999 0.857923496875 0.9275362312500001 0.8087431687500001 0.9057971015625 0.765027321875 0.862318840625 0.7322404375 0.862318840625 0.721311475 0.789855071875 0.6939890703125 0.7427536234375001 0.6939890703125 0.684782609375 0.72677595625 0.6231884062499999 0.8032786890624999 0.5797101453125 0.9071038250000001 0.5724637687499999 1 0.9130434781250001 1
99 0.28985507187500004 0.9234972671874999 0.3079710140625 0.99453551875 0.5797101453125 1 0.590579709375 0.8852459015624999 0.6050724640625 0.8469945359375 0.586956521875 0.7486338796875 0.514492753125 0.6502732234375 0.46014492812499996 0.6284153 0.4021739125 0.6284153 0.340579709375 0.677595628125 0.3007246375 0.7759562843750001 0.28985507187500004 0.9234972671874999
99 0 0.9508196718749999 0.0217391296875 0.9890710374999999 0.0543478265625 1 0.25 0.99453551875 0.28623188437499997 0.9398907109374999 0.29710145 0.8852459015624999 0.3007246375 0.7431693984375001 0.28623188437499997 0.6939890703125 0.25 0.6284153 0.210144928125 0.590163934375 0.1521739125 0.5628415296875 0.08333333281250001 0.5628415296875 0 0.6229508203125 0 0.9508196718749999
99 0 0 0.0036231890624999997 0.508196721875 0.0036231890624999997 0.48633879843749994 0.014492753124999999 0.4808743171875 0.0181159421875 0.45901639375 0.1050724640625 0.35519125625000003 0.1159420296875 0.31147540937499996 0.14492753593750002 0.2513661203125 0.1521739125 0.1748633875 0.1413043484375 0.09836065625 0.101449275 0.0218579234375 0.07608695625 0 0 0
99 0.148550725 0.23497267812499997 0.15942029062500002 0.23497267812499997 0.188405796875 0.2131147546875 0.1920289859375 0.20218579218750002 0.2173913046875 0.19125683124999998 0.264492753125 0.19125683124999998 0.32246376875 0.224043715625 0.362318840625 0.278688525 0.387681159375 0.278688525 0.413043478125 0.25683060156250004 0.3949275359375 0.229508196875 0.3949275359375 0.21857923437500001 0.3659420296875 0.18032786875 0.3659420296875 0.1693989078125 0.31159420312499997 0.09836065625 0.3007246375 0.09836065625 0.264492753125 0.0710382515625 0.210144928125 0.0655737703125 0.17753623125 0.0819672125 0.148550725 0.1147540984375 0.148550725 0.23497267812499997
99 1 0.1693989078125 0.960144928125 0.10928961718750001 0.92391304375 0.0819672125 0.8804347828125 0.0655737703125 0.8297101453125 0.0655737703125 0.77536231875 0.092896175 0.7536231890625 0.12021857968750001 0.7536231890625 0.136612021875 0.8079710140625 0.18032786875 0.8369565218749999 0.229508196875 0.862318840625 0.32786885312499997 0.8695652171875 0.42622950781249996 0.898550725 0.415300546875 0.9456521734375001 0.415300546875 0.985507246875 0.42622950781249996 1 0.398907103125 1 0.1693989078125
99 0.6268115937500001 0 0.6304347828125 0.016393442187500003 0.6413043484375 0.032786885937499996 0.6449275359375 0.10928961718750001 0.648550725 0.10928961718750001 0.648550725 0.12021857968750001 0.6557971015625 0.131147540625 0.663043478125 0.12021857968750001 0.7065217390625 0.12021857968750001 0.7065217390625 0.125683059375 0.72463768125 0.125683059375 0.72463768125 0.131147540625 0.75 0.131147540625 0.7536231890625 0.12021857968750001 0.760869565625 0.12021857968750001 0.760869565625 0.10928961718750001 0.7681159421875 0.10928961718750001 0.7717391296875 0.09836065625 0.7789855078125 0.09836065625 0.7934782609375 0.0765027328125 0.8007246374999999 0.049180328125 0.8297101453125 0.00546448125 0.8297101453125 0 0.6268115937500001 0
99 0 0.6284153 0.010869565624999999 0.6229508203125 0.010869565624999999 0.6174863390625001 0.0181159421875 0.6174863390625001 0.0181159421875 0.6120218578125 0.02536231875 0.6120218578125 0.02536231875 0.6065573765625001 0.032608695312500005 0.6065573765625001 0.032608695312500005 0.601092896875 0.039855071874999995 0.601092896875 0.039855071874999995 0.595628415625 0.04710145 0.595628415625 0.04710145 0.590163934375 0.0543478265625 0.590163934375 0.0543478265625 0.584699453125 0.061594203125000004 0.584699453125 0.061594203125000004 0.5792349734375 0.0688405796875 0.5792349734375 0.0688405796875 0.5737704921875 0.086956521875 0.5683060109375 0.086956521875 0.5628415296875 0.11956521718749999 0.5628415296875 0.12318840625000001 0.5573770484375 0.11956521718749999 0.47540983593749997 0.1159420296875 0.47540983593749997 0.1159420296875 0.45355191250000004 0.112318840625 0.45355191250000004 0.112318840625 0.42076502656250003 0.10869565156250001 0.42076502656250003 0.10869565156250001 0.3825136609375 0.1050724640625 0.3825136609375 0.1050724640625 0.36612021875 0.0978260875 0.36612021875 0.0978260875 0.3715847 0.07971014531250001 0.3770491796875 0.0688405796875 0.3934426234375 0.061594203125000004 0.3934426234375 0.0289855078125 0.4426229515625 0.0289855078125 0.45355191250000004 0.0217391296875 0.45901639375 0.0217391296875 0.4699453546875 0.010869565624999999 0.4808743171875 0.010869565624999999 0.491803278125 0.007246376562499999 0.491803278125 0.0036231890624999997 0.5136612015625001 0 0.5136612015625001 0 0.6284153