126 0.6359375 0.17421875 0.0609375 0.20234375
126 0.725 0.221875 0.028125 0.18125
126 0.64375 0.55703125 0.0265625 0.12265625
126 0.2359375 0.59140625 0.0546875 0.23359375
126 0.56953125 0.59375 0.115625 0.15859375
126 0.4234375 0.60390625 0.0453125 0.24609375
126 0.4640625 0.62578125 0.0390625 0.26484375
126 0.1703125 0.64453125 0.0921875 0.20625
126 0.96171875 0.65078125 0.05546875 0.29375
126 0.75625 0.72578125 0.05625 0.29765625
126 0.3671875 0.76875 0.0515625 0.17890625
126 0.078125 0.76953125 0.0640625 0.17734375
126 0.63125 0.80859375 0.0734375 0.29609375