126 0.434 0.171319796875 0.44800000000000006 0.10532995 0.43899999999999995 0.0532994921875 0.44000000000000006 0.10786802031250001 0.43200000000000005 0.14086294375 0.392 0.22208121875 0.375 0.243654821875 0.307 0.276649746875 0.24300000000000002 0.33502538125000003 0.20400000000000001 0.3845177671875 0.23500000000000001 0.401015228125 0.3 0.40989847656249995 0.364 0.34137055781250003 0.37 0.300761421875 0.386 0.2906091375 0.434 0.171319796875
126 0.179 0.42639593906249995 0.154 0.44796954375000003 0.062 0.610406090625 0.004 0.7576142124999999 0 0.7829949234375 0.012 0.7906091375 0.06 0.7398477156250001 0.244 0.4682741109375 0.24300000000000002 0.45685279218749997 0.179 0.42639593906249995
126 0.661 0.5025380703125 0.591 0.47969543124999997 0.507 0.48223350312499996 0.483 0.47208121875 0.41200000000000003 0.3921319796875 0.392 0.3540609140625 0.382 0.30329949218749996 0.372 0.30837563437500004 0.394 0.3845177671875 0.46900000000000003 0.4847715734375 0.537 0.550761421875 0.613 0.5888324875000001 0.709 0.619289340625 0.771 0.654822334375 0.8109999999999999 0.6903553296875 0.951 0.8527918781249999 1 0.8718274109375 0.868 0.6586294421875001 0.8230000000000001 0.6040609140625001 0.779 0.5659898484375 0.661 0.5025380703125
126 0.798 0.27030456875 0.745 0.28172588906249996 0.673 0.35025380781250004 0.515 0.413705584375 0.44400000000000006 0.4302030453125 0.497 0.47715736093750005 0.532 0.47842639531250003 0.5650000000000001 0.4746192890625 0.645 0.43654822343750005 0.737 0.30203045624999997 0.798 0.27030456875
126 0.24900000000000003 0.40609137031250003 0.137 0.3654822328125 0.119 0.35025380781250004 0.11399999999999999 0.35659898437500004 0.125 0.3857868015625 0.199 0.43908629374999997 0.357 0.49238578750000006 0.42400000000000004 0.49619289375 0.47000000000000003 0.4885786796875 0.421 0.42639593906249995 0.339 0.42639593906249995 0.24900000000000003 0.40609137031250003
126 0.828 0.2576142125 0.8630000000000001 0.2005076140625 0.8240000000000001 0.25 0.782 0.3337563453125 0.726 0.4911167515625 0.722 0.534263959375 0.763 0.56091370625 0.782 0.5621827406250001 0.8 0.45050761406250006 0.796 0.3642131984375 0.8019999999999999 0.3236040609375 0.828 0.2576142125
126 0.481 0.9543147203125001 0.495 0.9593908624999999 0.5309999999999999 0.9187817265625 0.6769999999999999 0.79441624375 0.714 0.7423857875000001 0.756 0.651015228125 0.731 0.6345177671875 0.713 0.66497461875 0.649 0.7182741109374999 0.561 0.8172588828125 0.47000000000000003 0.9378172593749999 0.46399999999999997 0.9530456859375 0.47400000000000003 0.9784263953125001 0.49000000000000005 0.9606598984374999 0.47400000000000003 0.9505076140625001 0.479 0.9441624359375 0.481 0.9543147203125001
126 0.38 0.42512690312499996 0.41200000000000003 0.417512690625 0.377 0.35025380781250004 0.36 0.42005076093750005 0.38 0.42512690312499996
126 0.33199999999999996 0.534263959375 0.333 0.5456852796875 0.34199999999999997 0.54441624375 0.403 0.5329949234375 0.414 0.5012690359375 0.34500000000000003 0.489847715625 0.33199999999999996 0.534263959375
126 0.27999999999999997 0.8667512687500001 0.286 0.91497461875 0.29700000000000004 0.9365482234375 0.304 0.9352791874999999 0.352 0.7296954312499999 0.29500000000000004 0.715736040625 0.286 0.7525380703125 0.27999999999999997 0.8667512687500001
126 0.433 0.1827411171875 0.39 0.267766496875 0.388 0.328680203125 0.40599999999999997 0.376903553125 0.434 0.4124365484375 0.454 0.336294415625 0.45599999999999996 0.26015228437500004 0.446 0.20177665 0.433 0.1827411171875