42 0.16875 0.11015625 0.31484375 0.153125
42 0.50625 0.10390625 0.2984375 0.1609375
42 0.84375 0.11484375 0.2921875 0.16328125
42 0.1546875 0.334375 0.28203125 0.15234375
42 0.35703125 0.25625 0.23203125 0.11796875
42 0.60859375 0.2734375 0.19453125 0.11640625
42 0.83359375 0.321875 0.3046875 0.1578125
42 0.51484375 0.4953125 0.38125 0.2984375
42 0.16953125 0.528125 0.3078125 0.1609375
42 0.85859375 0.5203125 0.25078125 0.18046875
42 0.15859375 0.715625 0.27265625 0.153125
42 0.49921875 0.7125 0.33984375 0.13125
42 0.84921875 0.70859375 0.28203125 0.15859375
42 0.159375 0.8921875 0.2765625 0.1921875
42 0.49765625 0.90234375 0.3625 0.1796875
42 0.8265625 0.89609375 0.328125 0.18828125