23 0.41171875 0.3921875 0.37109375 0.24921875
23 0.4828125 0.234375 0.20625 0.178125
23 0.3625 0.2453125 0.2703125 0.19453125
23 0.6421875 0.2515625 0.20625 0.1984375
23 0.73984375 0.54140625 0.1828125 0.16640625
23 0.490625 0.74453125 0.22890625 0.1984375
23 0.18046875 0.68671875 0.2984375 0.26875
23 0.1734375 0.49921875 0.225 0.25078125
23 0.3265625 0.66796875 0.20625 0.35703125
23 0.6078125 0.71484375 0.2671875 0.20625
23 0.5171875 0.565625 0.2390625 0.225
23 0.8828125 0.5171875 0.23359375 0.33359375
23 0.80546875 0.309375 0.25078125 0.2515625
23 0.63515625 0.39609375 0.27265625 0.2234375