54 0.21796875 0.146875 0.2703125 0.24375
54 0.228125 0.37421875 0.32734375 0.2609375
54 0.20390625 0.63203125 0.30703125 0.2359375
54 0.221875 0.8796875 0.2703125 0.23515625
54 0.53984375 0.13828125 0.29140625 0.228125
54 0.53125 0.371875 0.29140625 0.2515625
54 0.54375 0.62265625 0.29296875 0.25625
54 0.54609375 0.865625 0.27578125 0.2234375
54 0.84765625 0.14296875 0.2984375 0.2515625
54 0.84375 0.37890625 0.30390625 0.25
54 0.8546875 0.6265625 0.2703125 0.2609375
54 0.86796875 0.8734375 0.246875 0.253125