20 0.75390625 0.55390625 0.29296875 0.2671875
20 0.6609375 0.2328125 0.2671875 0.271875
20 0.28828125 0.08515625 0.20234375 0.16796875
20 0.1921875 0.23125 0.340625 0.21328125
20 0.39921875 0.3453125 0.34296875 0.228125
20 0.49140625 0.596875 0.271875 0.2265625
20 0.21328125 0.6703125 0.28359375 0.234375
20 0.63984375 0.875 0.24765625 0.25
20 0.4234375 0.82265625 0.303125 0.23359375
20 0.16953125 0.875 0.22265625 0.17265625
20 0.075 0.57890625 0.15 0.2515625
20 0.82265625 0.75078125 0.171875 0.18125
20 0.8296875 0.90078125 0.159375 0.1984375
20 0.82734375 0.12734375 0.17734375 0.190625
20 0.61953125 0.0625 0.2328125 0.125