22 0.0703125 0.5171875 0.140625 0.36875
22 0.2171875 0.26796875 0.2171875 0.3640625
22 0.353125 0.37734375 0.18203125 0.36640625
22 0.5125 0.48046875 0.2 0.44765625
22 0.68203125 0.62578125 0.30703125 0.33515625
22 0.74140625 0.38359375 0.246875 0.32734375
22 0.52265625 0.13671875 0.3 0.2734375
22 0.234375 0.74609375 0.3375 0.5078125
22 0.48046875 0.83046875 0.28984375 0.33828125
22 0.83671875 0.86015625 0.3265625 0.2796875
22 0.88203125 0.6 0.2359375 0.41953125
22 0.809375 0.25234375 0.24609375 0.31796875
22 0.90625 0.1921875 0.1875 0.384375