22 0.1359375 0.45546875 0.27109375 0.76484375
22 0.23359375 0.45546875 0.30390625 0.49375
22 0.40703125 0.41640625 0.33515625 0.53828125
22 0.546875 0.34765625 0.30703125 0.55703125
22 0.65078125 0.3578125 0.20390625 0.41015625
22 0.7453125 0.33359375 0.2234375 0.38046875
22 0.8828125 0.30703125 0.234375 0.44296875
22 0.26015625 0.846875 0.2421875 0.30625
22 0.475 0.815625 0.32734375 0.36796875
22 0.64921875 0.80703125 0.24765625 0.3859375
22 0.784375 0.78671875 0.32109375 0.4265625
22 0.821875 0.71875 0.35625 0.5625
22 0.87734375 0.6890625 0.2453125 0.48984375
22 0.8796875 0.634375 0.14921875 0.3828125
22 0.9328125 0.6515625 0.134375 0.446875