22 0.6765625 0.38984375 0.2703125 0.21796875
22 0.65546875 0.81328125 0.34921875 0.3734375
22 0.84140625 0.53671875 0.30390625 0.4078125
22 0.7734375 0.16171875 0.28125 0.3234375
22 0.49375 0.14296875 0.296875 0.2859375
22 0.3 0.27421875 0.30078125 0.44921875
22 0.2640625 0.575 0.24921875 0.2640625
22 0.2875 0.78671875 0.20859375 0.28046875
22 0.09765625 0.71171875 0.1953125 0.39921875
22 0.075 0.3453125 0.15 0.44296875
22 0.08203125 0.1390625 0.16328125 0.1921875
22 0.51875 0.54453125 0.26328125 0.23359375