22 0.18515625 0.5765625 0.24375 0.37109375
22 0.35703125 0.475 0.1046875 0.3859375
22 0.44609375 0.48515625 0.1234375 0.36171875
22 0.28515625 0.7828125 0.30078125 0.35625
22 0.33671875 0.87265625 0.2921875 0.2546875
22 0.0859375 0.59921875 0.171875 0.46015625
22 0.58359375 0.2984375 0.215625 0.334375
22 0.5984375 0.51875 0.14296875 0.4921875
22 0.553125 0.58359375 0.11796875 0.35859375
22 0.7 0.509375 0.11796875 0.35390625
22 0.71015625 0.2890625 0.2109375 0.29140625
22 0.1390625 0.3375 0.1546875 0.28359375
22 0.2296875 0.378125 0.16640625 0.28359375