22 0.06640625 0.565625 0.1328125 0.47890625
22 0.20859375 0.7125 0.14921875 0.51796875
22 0.35 0.76640625 0.1734375 0.390625
22 0.38359375 0.45625 0.19375 0.42578125
22 0.51953125 0.47421875 0.159375 0.3265625
22 0.5453125 0.8 0.1640625 0.39921875
22 0.66953125 0.4015625 0.140625 0.38671875
22 0.91171875 0.41953125 0.1765625 0.39453125
22 0.28671875 0.19140625 0.40703125 0.371875
22 0.54375 0.17265625 0.115625 0.29921875
22 0.709375 0.1796875 0.2375 0.2859375
22 0.78828125 0.7671875 0.2046875 0.465625