22 0.25078125 0.14375 0.2921875 0.2875
22 0.50078125 0.12578125 0.2640625 0.2515625
22 0.09453125 0.41953125 0.18828125 0.38359375
22 0.24140625 0.41484375 0.16796875 0.38984375
22 0.34609375 0.44375 0.09453125 0.3265625
22 0.45234375 0.42734375 0.1453125 0.4140625
22 0.5984375 0.40625 0.11796875 0.4171875
22 0.68671875 0.45859375 0.1484375 0.2171875
22 0.09375 0.79765625 0.1875 0.4046875
22 0.23125 0.81328125 0.228125 0.3734375
22 0.5953125 0.76015625 0.28203125 0.2703125
22 0.8078125 0.25390625 0.221875 0.2515625
22 0.871875 0.49609375 0.25625 0.3203125
22 0.87421875 0.8109375 0.2515625 0.3140625