34 0.4609375 0.75703125 0.396875 0.3546875
34 0.86875 0.7578125 0.2625 0.35234375
34 0.425 0.38359375 0.24140625 0.18515625
34 0.1390625 0.39765625 0.2421875 0.16484375
34 0.6875 0.38046875 0.24140625 0.1859375
34 0.53359375 0.22421875 0.15703125 0.1328125
34 0.35546875 0.240625 0.17265625 0.08515625
34 0.1390625 0.2578125 0.1765625 0.121875
34 0.75703125 0.2328125 0.25859375 0.171875
34 0.5078125 0.14765625 0.21640625 0.07578125
34 0.31875 0.1484375 0.21015625 0.09921875
34 0.13359375 0.14765625 0.26015625 0.10703125
34 0.8921875 0.09296875 0.215625 0.1015625
34 0.50703125 0.0625 0.25390625 0.06328125