42 0.2666666671875 0.33104395625 0.2816666671875 0.265109890625 0.3091666671875 0.21978022031250002 0.33999999999999997 0.1881868125 0.3358333328125 0.1675824171875 0.2991666671875 0.140109890625 0.28250000000000003 0.140109890625 0.2325 0.208791209375 0.17250000000000001 0.252747253125 0.1316666671875 0.3200549453125 0.1183333328125 0.4079670328125 0.12250000000000001 0.4148351640625 0.1358333328125 0.40384615312500005 0.1625 0.4258241765625 0.1825 0.4230769234375 0.2033333328125 0.43818681249999997 0.23333333281250002 0.3914835171875 0.24333333281249997 0.350274725 0.2475 0.3571428578125 0.2666666671875 0.33104395625
42 0.2525 0.46428571406249997 0.2325 0.47802197812499997 0.2216666671875 0.5123626375 0.2233333328125 0.578296703125 0.2533333328125 0.6140109890625001 0.25833333281250004 0.6607142859375 0.26916666718750004 0.6675824171875 0.2808333328125 0.659340659375 0.3408333328125 0.6950549453125 0.3541666671875 0.725274725 0.3783333328125 0.7458791203125 0.3866666671875 0.6634615390625 0.37 0.5728021984375 0.2941666671875 0.47802197812499997 0.2525 0.46428571406249997
42 0.45999999999999996 0.5260989015625 0.45999999999999996 0.5013736265625 0.4783333328125 0.46840659375 0.48 0.43818681249999997 0.4766666671875 0.42170329687499997 0.45083333281250004 0.384615384375 0.3675 0.3324175828125 0.2958333328125 0.3104395609375 0.25916666718750003 0.346153846875 0.21833333281249998 0.4271978015625 0.2116666671875 0.4546703296875 0.2158333328125 0.47527472499999995 0.22749999999999998 0.48076923125000004 0.2558333328125 0.46428571406249997 0.2975 0.47802197812499997 0.3775 0.5796703296875 0.3883333328125 0.578296703125 0.40416666718750005 0.5769230765625 0.4141666671875 0.5357142859375 0.43916666718749997 0.5219780218750001 0.45999999999999996 0.5260989015625
42 0.4783333328125 0.6771978015625 0.485 0.6359890109374999 0.4716666671875 0.60576923125 0.46166666718749994 0.5370879125 0.4525 0.5219780218750001 0.4225 0.5329670328125 0.41 0.578296703125 0.3891666671875 0.5796703296875 0.38333333281250004 0.6030219781249999 0.3883333328125 0.6826923078125 0.375 0.7733516484375 0.3866666671875 0.8475274718750001 0.40416666718750005 0.8763736265625001 0.4216666671875 0.877747253125 0.43499999999999994 0.8365384609375001 0.44666666718750003 0.759615384375 0.48333333281249996 0.6964285718750001 0.4783333328125 0.6771978015625
42 0.5599999999999999 0.6799450546875 0.5508333328125 0.68131868125 0.5483333328125 0.671703296875 0.5533333328125 0.6414835171875 0.545 0.61950549375 0.5416666671875 0.5425824171875 0.49916666718749997 0.4697802203125 0.4791666671875 0.472527471875 0.46666666718750005 0.49313186875000004 0.465 0.5480769234375 0.4716666671875 0.597527471875 0.48666666718749996 0.6359890109374999 0.485 0.6771978015625 0.5016666671875 0.7101648359375 0.5083333328124999 0.7898351640625 0.5325 0.815934065625 0.5433333328125001 0.8145604390625 0.5616666671874999 0.7678571421875 0.5650000000000001 0.7376373625 0.5566666671875 0.7046703296875 0.5599999999999999 0.6799450546875
42 0.6283333328125 0.50686813125 0.6666666671875 0.4491758234375 0.6683333328125001 0.38598901093750004 0.65 0.3365384609375 0.6258333328125001 0.3076923078125 0.5933333328125 0.333791209375 0.5583333328125 0.446428571875 0.5583333328125 0.465659340625 0.5666666671875 0.47939560468750003 0.5650000000000001 0.534340659375 0.5733333328125 0.5700549453125 0.5633333328125001 0.6771978015625 0.5683333328125 0.6991758234375001 0.5766666671875 0.7046703296875 0.63 0.622252746875 0.63 0.5947802203125 0.6183333328125 0.5728021984375 0.6283333328125 0.50686813125
42 0.76 0.6634615390625 0.75 0.6140109890625001 0.7566666671875 0.5892857140625 0.7474999999999999 0.5714285718750001 0.7275 0.5631868124999999 0.7008333328125 0.5796703296875 0.6725 0.5824175828125 0.6441666671874999 0.6043956046875001 0.5766666671875 0.7101648359375 0.5783333328125 0.7678571421875 0.5916666671875 0.7760989015625 0.6658333328125 0.747252746875 0.7175 0.6978021984375 0.7474999999999999 0.68131868125 0.76 0.6634615390625
42 0.7433333328125 0.41895604375 0.7458333328125 0.3626373625 0.7325 0.3626373625 0.72 0.4079670328125 0.7025 0.43406593437499996 0.6658333328125 0.458791209375 0.6316666671875 0.5041208796875 0.62 0.5700549453125 0.6441666671874999 0.596153846875 0.6533333328125 0.5947802203125 0.735 0.5535714281249999 0.765 0.4546703296875 0.7633333328125 0.43818681249999997 0.7433333328125 0.41895604375
42 0.5883333328125 0.259615384375 0.5725 0.2142857140625 0.5525 0.21703296718749998 0.53 0.2486263734375 0.4966666671875 0.3914835171875 0.5 0.43269230781249995 0.5266666671875 0.5123626375 0.5441666671875 0.541208790625 0.5566666671875 0.5425824171875 0.5650000000000001 0.50686813125 0.5583333328125 0.446428571875 0.5933333328125 0.32829670312500003 0.5883333328125 0.259615384375
42 0.8333333328125001 0.48214285781250005 0.825 0.4601648359375 0.8333333328125001 0.446428571875 0.8333333328125001 0.4052197796875 0.795 0.33928571406249997 0.7916666671875 0.3145604390625 0.7675 0.2637362640625 0.7058333328125 0.23351648281249998 0.7016666671875 0.24038461562500002 0.7233333328125 0.33104395625 0.7708333328125 0.3489010984375 0.7816666671875 0.36950549375 0.775 0.41895604375 0.7616666671875 0.4271978015625 0.765 0.4601648359375 0.7466666671875 0.509615384375 0.7433333328125 0.5398351640625 0.7991666671875 0.5989010984375 0.825 0.6030219781249999 0.8366666671875 0.5947802203125 0.835 0.57554945 0.8416666671874999 0.5618131875000001 0.8333333328125001 0.48214285781250005
42 0.6791666671875001 0.18131868125 0.6575 0.15659340625 0.6141666671875 0.153846153125 0.6 0.1826923078125 0.6033333328125 0.22664835156250002 0.6633333328125001 0.3585164828125 0.6733333328125 0.43818681249999997 0.6866666671874999 0.44093406562500004 0.7150000000000001 0.4079670328125 0.7266666671875 0.372252746875 0.7150000000000001 0.284340659375 0.6791666671875001 0.18131868125
42 0.6599999999999999 0.1552197796875 0.6849999999999999 0.1881868125 0.7008333328125 0.23076923124999998 0.7333333328125 0.24038461562500002 0.7633333328125 0.221153846875 0.7391666671875 0.178571428125 0.6975 0.14835164843749998 0.6599999999999999 0.1552197796875
42 0.5291666671875 0.153846153125 0.5075000000000001 0.153846153125 0.4841666671875 0.1730769234375 0.45083333281250004 0.21703296718749998 0.43833333281250003 0.2486263734375 0.44666666718750003 0.2925824171875 0.44666666718750003 0.3447802203125 0.45416666718750004 0.3571428578125 0.4966666671875 0.3612637359375 0.52 0.2706043953125 0.5516666671875 0.21291208749999999 0.5516666671875 0.1771978015625 0.5291666671875 0.153846153125
42 0.4691666671875 0.1730769234375 0.45083333281250004 0.15659340625 0.4258333328125 0.16208791250000001 0.4 0.20192307656250003 0.365 0.3200549453125 0.3758333328125 0.3379120875 0.41166666718749995 0.35576923125 0.44333333281250004 0.309065934375 0.44166666718750003 0.2321428578125 0.4733333328125 0.1881868125 0.4691666671875 0.1730769234375
42 0.39 0.21840659375000002 0.385 0.19368131875 0.3675 0.1675824171875 0.3541666671875 0.1675824171875 0.3125 0.21703296718749998 0.2816666671875 0.2678571421875 0.2716666671875 0.3145604390625 0.2716666671875 0.32829670312500003 0.2766666671875 0.32829670312500003 0.2991666671875 0.3076923078125 0.3608333328125 0.3269230765625 0.3866666671875 0.259615384375 0.39 0.21840659375000002