42 0.2370370375 0.2709302328125 0.309259259375 0.198837209375 0.3129629625 0.1848837203125 0.30648148124999997 0.17441860468749998 0.2638888890625 0.148837209375 0.23611111093749998 0.148837209375 0.19537037031249999 0.1860465109375 0.18055555625 0.21162790625 0.097222221875 0.25813953437500003 0.048148148437499996 0.3197674421875 0.03148148125 0.4151162796875 0.045370370312500005 0.39767441875 0.0861111109375 0.4279069765625 0.1046296296875 0.42325581406249996 0.13703703750000001 0.43837209374999997 0.14444444375 0.4174418609375 0.16944444375 0.4 0.2148148140625 0.34069767500000003 0.2370370375 0.2709302328125
42 0.447222221875 0.3813953484375 0.43240740781250003 0.3837209296875 0.3490740734375 0.3372093015625 0.28796296250000003 0.3162790703125 0.2638888890625 0.3186046515625 0.253703703125 0.35697674375 0.26851851875 0.40116279062500004 0.29907407343750003 0.41162790625 0.3361111109375 0.4790697671875 0.3546296296875 0.4860465109375 0.403703703125 0.5337209296875 0.4611111109375 0.5174418609375 0.4888888890625 0.4686046515625 0.48703703750000005 0.42209302343750005 0.447222221875 0.3813953484375
42 0.3120370375 0.5279069765625 0.25833333281250004 0.4790697671875 0.197222221875 0.4651162796875 0.171296296875 0.48372092968749997 0.1611111109375 0.5081395343749999 0.1629629625 0.5732558140624999 0.171296296875 0.590697675 0.2018518515625 0.6127906984375 0.209259259375 0.65697674375 0.221296296875 0.6627906984374999 0.234259259375 0.653488371875 0.315740740625 0.690697675 0.32685185156249996 0.7162790703125 0.3611111109375 0.73837209375 0.3740740734375 0.6755813953125 0.3518518515625 0.5709302328125 0.31944444375000003 0.546511628125 0.3120370375 0.5279069765625
42 0.5620370375 0.1627906984375 0.5305555562500001 0.16046511562500002 0.5083333328124999 0.1720930234375 0.4583333328125 0.21860465156250003 0.4388888890625 0.25232558125 0.459259259375 0.3546511625 0.5166666671875 0.36395348906249997 0.5481481484375 0.26627907031250003 0.5851851859375 0.2197674421875 0.5870370375 0.189534884375 0.5620370375 0.1627906984375
42 0.4888888890625 0.6755813953125 0.4981481484375 0.6313953484375 0.4796296296875 0.598837209375 0.46666666718750005 0.5313953484375 0.4583333328125 0.5209302328125001 0.42129629687500003 0.5302325578125 0.40092592656250003 0.5813953484375001 0.3768518515625 0.5790697671875 0.3703703703125 0.589534884375 0.372222221875 0.6313953484375 0.3851851859375 0.6755813953125 0.36851851875 0.694186046875 0.35925925937500003 0.7709302328125001 0.372222221875 0.83837209375 0.39351851875 0.8651162796874999 0.4166666671875 0.8686046515625 0.43518518593750005 0.8267441859375 0.45185185156249996 0.74767441875 0.5 0.694186046875 0.4888888890625 0.6755813953125
42 0.6333333328124999 0.2686046515625 0.6101851859375 0.22093023281250002 0.584259259375 0.22558139531250002 0.5555555562500001 0.25697674375 0.522222221875 0.3453488375 0.5148148140625 0.3872093015625 0.51851851875 0.43139534843750005 0.5518518515624999 0.5081395343749999 0.5768518515625 0.539534884375 0.590740740625 0.540697675 0.6018518515625 0.498837209375 0.5925925921874999 0.45 0.6388888890625 0.3267441859375 0.6333333328124999 0.2686046515625
42 0.6703703703125 0.5569767437500001 0.6888888890625 0.503488371875 0.73148148125 0.45697674375 0.7351851859375 0.389534884375 0.7111111109375 0.33837209375 0.6879629625 0.3139534890625 0.652777778125 0.32325581406250004 0.6370370375000001 0.34069767500000003 0.5944444437499999 0.4453488375 0.5944444437499999 0.4686046515625 0.603703703125 0.4802325578125 0.6018518515625 0.5337209296875 0.6129629624999999 0.5686046515625 0.6018518515625 0.6848837203125 0.6101851859375 0.70232558125 0.6166666671875001 0.701162790625 0.6851851859375 0.6197674421875 0.6851851859375 0.591860465625 0.672222221875 0.5755813953125 0.6703703703125 0.5569767437500001
42 0.5722222218749999 0.53837209375 0.51944444375 0.47209302343750004 0.4916666671875 0.47209302343750004 0.477777778125 0.498837209375 0.47222222187499996 0.5453488375 0.48333333281249996 0.598837209375 0.5018518515625 0.6360465109375 0.4981481484375 0.6732558140625 0.5203703703125 0.701162790625 0.5296296296875 0.7825581390624999 0.5703703703125 0.808139534375 0.6018518515625 0.74302325625 0.5925925921874999 0.6988372093749999 0.5796296296875 0.6755813953125 0.5722222218749999 0.53837209375
42 0.847222221875 0.6674418609375 0.8518518515625001 0.64767441875 0.840740740625 0.6127906984375 0.8462962968750001 0.5825581390625 0.834259259375 0.5674418609375 0.8083333328125001 0.5627906984375 0.7398148140624999 0.5790697671875 0.70648148125 0.5976744187499999 0.61851851875 0.701162790625 0.6203703703125 0.76162790625 0.625 0.7697674421875 0.6370370375000001 0.7686046515625 0.6898148140625 0.746511628125 0.7324074078125 0.7418604656250001 0.7861111109375 0.7 0.847222221875 0.6674418609375
42 0.859259259375 0.440697675 0.8824074078124999 0.41395348906249996 0.896296296875 0.410465115625 0.86944444375 0.355813953125 0.8324074078124999 0.351162790625 0.7805555562500001 0.4302325578125 0.734259259375 0.458139534375 0.6981481484375001 0.49651162812500005 0.672222221875 0.5639534890625 0.6879629625 0.5837209296875 0.7129629625 0.591860465625 0.8203703703125 0.5546511625 0.8296296296874999 0.5174418609375 0.859259259375 0.45697674375 0.859259259375 0.440697675
42 0.796296296875 0.294186046875 0.7490740734375 0.18837209375 0.715740740625 0.1627906984375 0.665740740625 0.16046511562500002 0.6481481484375 0.1848837203125 0.6518518515625 0.24302325625 0.690740740625 0.310465115625 0.7185185187500001 0.34302325625 0.7388888890625 0.391860465625 0.7425925921875 0.43139534843750005 0.759259259375 0.440697675 0.7768518515625 0.4302325578125 0.8055555562500001 0.391860465625 0.809259259375 0.359302325 0.796296296875 0.294186046875
42 0.9425925921875 0.47325581406249995 0.9055555562500001 0.4244186046875 0.890740740625 0.389534884375 0.8916666671875 0.3744186046875 0.878703703125 0.3720930234375 0.8601851859374999 0.351162790625 0.8361111109375001 0.35348837187500004 0.8231481484375 0.341860465625 0.8083333328125001 0.341860465625 0.8194444437499999 0.3720930234375 0.8324074078124999 0.360465115625 0.852777778125 0.3767441859375 0.8601851859374999 0.3767441859375 0.8638888890624999 0.3627906984375 0.8740740734375001 0.3755813953125 0.877777778125 0.41279069843749994 0.85555555625 0.4290697671875 0.8611111109375 0.4337209296875 0.859259259375 0.45697674375 0.8296296296874999 0.5197674421875 0.8296296296874999 0.5360465109375 0.8953703703125001 0.590697675 0.9333333328125001 0.601162790625 0.9518518515625001 0.589534884375 0.95 0.5709302328125 0.9574074078124999 0.56162790625 0.9425925921875 0.47325581406249995
42 0.8925925921875001 0.3174418609375 0.8666666671875 0.2848837203125 0.86851851875 0.2732558140625 0.8379629625 0.253488371875 0.7787037031249999 0.23953488437499998 0.803703703125 0.33139534843749996 0.875 0.358139534375 0.909259259375 0.43139534843750005 0.9268518515625 0.45348837187499996 0.9425925921875 0.4546511625 0.95 0.4244186046875 0.9444444437499999 0.403488371875 0.9 0.34767441875 0.8925925921875001 0.3174418609375
42 0.8268518515625001 0.1860465109375 0.7916666671875 0.1627906984375 0.7259259265625 0.159302325 0.73055555625 0.17441860468749998 0.75555555625 0.191860465625 0.7787037031249999 0.2372093015625 0.8638888890624999 0.2674418609375 0.86851851875 0.27558139531250003 0.8611111109375 0.2779069765625 0.8888888890625 0.308139534375 0.902777778125 0.341860465625 0.9333333328125001 0.34302325625 0.9351851859375 0.28953488437499997 0.9175925921875001 0.24883720937499998 0.8601851859374999 0.22558139531250002 0.8268518515625001 0.1860465109375
42 0.4388888890625 0.26627907031250003 0.44444444375 0.23372092968749997 0.48333333281249996 0.191860465625 0.4583333328125 0.1651162796875 0.4361111109375 0.1627906984375 0.4018518515625 0.191860465625 0.38148148125 0.22209302343749998 0.3740740734375 0.2686046515625 0.3425925921875 0.3267441859375 0.3490740734375 0.3372093015625 0.4018518515625 0.359302325 0.41851851875 0.33604651093750004 0.41851851875 0.3174418609375 0.44629629687500005 0.294186046875 0.4388888890625 0.26627907031250003