142 0.33359375 0.47421875 0.125 0.04375
148 0.7421875 0.55859375 0.1109375 0.134375
60 0.33984375 0.58671875 0.1140625 0.1234375
94 0.4625 0.58828125 0.1296875 0.0890625
154 0.61484375 0.60625 0.159375 0.090625
33 0.6984375 0.82265625 0.15625 0.1078125
22 0.56796875 0.87265625 0.190625 0.10625
23 0.390625 0.89140625 0.1875 0.1015625
37 0.7734375 0.89453125 0.196875 0.1109375
91 0.50703125 0.15859375 0.1109375 0.18125
148 0.3640625 0.1859375 0.125 0.1296875
99 0.66484375 0.18671875 0.1890625 0.109375
49 0.39453125 0.453125 0.0734375 0.0640625
150 0.5109375 0.4515625 0.209375 0.0796875
121 0.7265625 0.4453125 0.175 0.078125