23 0.5734375 0.4734375 0.21875 0.0546875
60 0.575 0.590625 0.165625 0.1140625
154 0.7265625 0.5953125 0.14375 0.078125
144 0.3953125 0.60625 0.2609375 0.078125
40 0.6953125 0.890625 0.11875 0.075
142 0.42109375 0.8890625 0.128125 0.0609375
148 0.34296875 0.171875 0.125 0.1375
148 0.5953125 0.1828125 0.1171875 0.1234375
37 0.6359375 0.2125 0.296875 0.071875
18 0.45703125 0.21484375 0.15 0.0640625
49 0.7828125 0.221875 0.0828125 0.05625
94 0.7 0.4390625 0.2015625 0.084375
42 0.3578125 0.44765625 0.190625 0.090625