70 0.64375 0.55703125 0.25625 0.0921875
94 0.3109375 0.58046875 0.1515625 0.0890625
74 0.4625 0.59765625 0.178125 0.0984375
144 0.628125 0.60390625 0.25 0.09375
28 0.4359375 0.86953125 0.1359375 0.0703125
99 0.2734375 0.86484375 0.11875 0.1015625
72 0.6578125 0.88203125 0.1984375 0.1125
76 0.4484375 0.1890625 0.059375 0.1078125
146 0.30390625 0.19453125 0.1609375 0.0859375
154 0.55546875 0.21328125 0.16875 0.0796875
22 0.6875 0.21953125 0.153125 0.059375
42 0.3296875 0.41015625 0.2125 0.090625
33 0.69140625 0.45546875 0.20625 0.0984375
142 0.4890625 0.459375 0.1265625 0.0375