60 0.4 0.5625 0.146875 0.1296875
42 0.75703125 0.6078125 0.2015625 0.0984375
94 0.365625 0.609375 0.1765625 0.1
37 0.553125 0.615625 0.21875 0.0734375
60 0.61640625 0.85703125 0.14375 0.1171875
22 0.78515625 0.88125 0.16875 0.125
74 0.39453125 0.9046875 0.19375 0.090625
146 0.3640625 0.1984375 0.1546875 0.0875
40 0.5953125 0.21484375 0.096875 0.053125
142 0.78671875 0.2359375 0.140625 0.0296875
76 0.76875 0.440625 0.078125 0.1171875
64 0.67265625 0.44140625 0.0984375 0.0296875
154 0.55703125 0.44609375 0.1484375 0.078125
121 0.40703125 0.45546875 0.1671875 0.06875
85 0.7328125 0.46171875 0.1984375 0.05625