148 0.740625 0.56328125 0.1125 0.134375
60 0.340625 0.58671875 0.1265625 0.1203125
94 0.4625 0.5890625 0.1453125 0.0984375
154 0.6109375 0.6078125 0.1546875 0.08125
49 0.753125 0.61328125 0.08125 0.0671875
33 0.690625 0.82734375 0.1546875 0.103125
22 0.565625 0.8765625 0.1765625 0.1015625
23 0.38515625 0.88984375 0.1859375 0.1
37 0.7625 0.89609375 0.20625 0.1171875
91 0.515625 0.15859375 0.1109375 0.1796875
148 0.36953125 0.18203125 0.121875 0.128125
99 0.6703125 0.18984375 0.18125 0.1046875
150 0.515625 0.4484375 0.2171875 0.0796875
121 0.73671875 0.45 0.159375 0.0734375
64 0.3546875 0.46015625 0.096875 0.0546875