146 0.38515625 0.578125 0.1375 0.08125
42 0.753125 0.60390625 0.1875 0.09375
37 0.546875 0.61484375 0.228125 0.071875
72 0.73125 0.90234375 0.1875 0.103125
74 0.40390625 0.909375 0.175 0.078125
40 0.5859375 0.2109375 0.08125 0.05
121 0.39375 0.215625 0.16875 0.0546875
64 0.71640625 0.2171875 0.1015625 0.05625
85 0.80234375 0.221875 0.14375 0.04375
33 0.40234375 0.41796875 0.1625 0.05625
76 0.75 0.42890625 0.059375 0.11875
154 0.56796875 0.44453125 0.1390625 0.075
150 0.41015625 0.459375 0.2765625 0.075