142 0.34140625 0.4640625 0.1328125 0.046875
148 0.7390625 0.575 0.1140625 0.134375
94 0.4515625 0.58515625 0.1390625 0.084375
60 0.33125 0.58203125 0.134375 0.1171875
154 0.603125 0.6140625 0.171875 0.1
33 0.675 0.83671875 0.1546875 0.10625
23 0.37578125 0.88515625 0.209375 0.1046875
144 0.5296875 0.89296875 0.2828125 0.153125
37 0.74609375 0.90703125 0.215625 0.121875
148 0.6015625 0.18671875 0.1203125 0.1234375
146 0.38203125 0.2015625 0.1796875 0.0875
42 0.76171875 0.21484375 0.2125 0.1
49 0.39921875 0.4453125 0.075 0.0640625
150 0.51875 0.453125 0.2265625 0.078125
121 0.734375 0.4609375 0.1640625 0.0671875