23 0.784375 0.46796875 0.1921875 0.05
99 0.36796875 0.58359375 0.15 0.10625
144 0.52734375 0.59765625 0.271875 0.0875
70 0.77265625 0.6 0.2328125 0.1015625
94 0.56953125 0.85234375 0.171875 0.090625
18 0.7375 0.865625 0.165625 0.0953125
121 0.4046875 0.88671875 0.15625 0.115625
150 0.62578125 0.91953125 0.1125 0.090625
150 0.80234375 0.91953125 0.121875 0.0875
85 0.38046875 0.22109375 0.134375 0.0375
28 0.578125 0.22265625 0.140625 0.0390625
146 0.3625 0.45390625 0.1375 0.078125
37 0.5640625 0.459375 0.2625 0.05625