60 0.5328125 0.58515625 0.1 0.1171875
146 0.41015625 0.5984375 0.1234375 0.075
46 0.71640625 0.6046875 0.203125 0.046875
91 0.59609375 0.8109375 0.090625 0.1546875
72 0.4546875 0.86953125 0.1578125 0.0859375
23 0.75546875 0.87890625 0.15625 0.078125
42 0.4234375 0.2078125 0.1796875 0.071875
18 0.784375 0.21640625 0.1640625 0.05625
28 0.64921875 0.22890625 0.153125 0.028125
91 0.38203125 0.409375 0.0953125 0.165625
49 0.7328125 0.4390625 0.065625 0.046875
57 0.56484375 0.45546875 0.109375 0.05
37 0.74296875 0.46328125 0.209375 0.046875