22 0.41875 0.584375 0.1390625 0.1015625
42 0.7515625 0.6078125 0.2046875 0.09375
154 0.55859375 0.60546875 0.159375 0.0875
49 0.3421875 0.6171875 0.0890625 0.0671875
99 0.740625 0.86484375 0.134375 0.1140625
121 0.41796875 0.86015625 0.234375 0.0671875
146 0.36328125 0.9203125 0.184375 0.1078125
74 0.5796875 0.95 0.19375 0.096875
40 0.546875 0.2109375 0.08125 0.05625
64 0.7015625 0.21484375 0.10625 0.05
85 0.79375 0.22734375 0.1328125 0.0359375
142 0.37265625 0.2265625 0.140625 0.0375
76 0.7484375 0.41953125 0.0671875 0.0890625
148 0.55546875 0.41953125 0.1171875 0.134375
70 0.76796875 0.45078125 0.2140625 0.09375
33 0.4171875 0.4484375 0.184375 0.0984375
150 0.609375 0.465625 0.078125 0.053125