37 0.74765625 0.4578125 0.271875 0.0671875
22 0.43515625 0.5921875 0.15 0.10625
42 0.75859375 0.59609375 0.196875 0.1015625
154 0.5640625 0.603125 0.1578125 0.0859375
49 0.35 0.621875 0.084375 0.0734375
99 0.75859375 0.8515625 0.1359375 0.1171875
121 0.49296875 0.86953125 0.153125 0.065625
33 0.37265625 0.903125 0.190625 0.125
74 0.6171875 0.93984375 0.228125 0.0984375
144 0.3578125 0.19140625 0.2640625 0.1296875
64 0.678125 0.20859375 0.1 0.0609375
85 0.77890625 0.2140625 0.1453125 0.053125
142 0.56015625 0.228125 0.146875 0.04375
76 0.34921875 0.4125 0.0609375 0.0828125
148 0.54921875 0.4125 0.11875 0.1359375
40 0.3921875 0.45859375 0.128125 0.0609375