60 0.4078125 0.55703125 0.1609375 0.13125
42 0.75234375 0.61484375 0.2125 0.1046875
37 0.54921875 0.615625 0.228125 0.0875
64 0.35546875 0.60546875 0.1 0.0671875
22 0.76796875 0.890625 0.1859375 0.140625
74 0.3890625 0.9 0.1859375 0.0875
49 0.61015625 0.92421875 0.0828125 0.0828125
40 0.60390625 0.2171875 0.0953125 0.059375
28 0.77109375 0.24296875 0.13125 0.0328125
33 0.4078125 0.415625 0.1625 0.065625
76 0.709375 0.44296875 0.06875 0.109375
154 0.56875 0.446875 0.146875 0.0828125
121 0.428125 0.4609375 0.259375 0.071875