37 0.62890625 0.4734375 0.109375 0.0328125
60 0.44609375 0.55078125 0.14375 0.1015625
33 0.59453125 0.5796875 0.1671875 0.090625
49 0.759375 0.5921875 0.0953125 0.0671875
42 0.4390625 0.60234375 0.2859375 0.1078125
28 0.69453125 0.61953125 0.14375 0.05
91 0.7578125 0.82890625 0.0953125 0.14375
148 0.646875 0.84609375 0.103125 0.1328125
121 0.39765625 0.84296875 0.1375 0.0796875
91 0.7984375 0.865625 0.1046875 0.18125
22 0.76796875 0.92109375 0.2 0.125
150 0.36953125 0.91796875 0.196875 0.125
23 0.54140625 0.92578125 0.140625 0.08125
144 0.3578125 0.153125 0.1921875 0.190625
148 0.53671875 0.178125 0.121875 0.14375
99 0.68203125 0.19609375 0.1515625 0.0953125
64 0.81015625 0.228125 0.09375 0.0484375
70 0.7828125 0.42578125 0.159375 0.1484375
76 0.334375 0.43203125 0.059375 0.1203125
146 0.5703125 0.4375 0.1171875 0.075
18 0.43828125 0.453125 0.1578125 0.075
37 0.74609375 0.46640625 0.1296875 0.075