23 0.73828125 0.4625 0.228125 0.0578125
148 0.740625 0.5640625 0.10625 0.1375
60 0.33203125 0.58828125 0.1234375 0.11875
99 0.45546875 0.6 0.1515625 0.103125
22 0.63046875 0.6078125 0.1953125 0.0859375
49 0.753125 0.61328125 0.0796875 0.0671875
33 0.690625 0.8265625 0.153125 0.1
76 0.34375 0.84609375 0.059375 0.1
28 0.55546875 0.88828125 0.140625 0.08125
85 0.72421875 0.9015625 0.2078125 0.0859375
74 0.39375 0.93828125 0.234375 0.1
142 0.65625 0.9625 0.1640625 0.0671875
91 0.50703125 0.1625 0.1140625 0.1921875
148 0.3703125 0.18203125 0.1234375 0.128125
121 0.6859375 0.2140625 0.1640625 0.065625
150 0.5109375 0.44921875 0.2203125 0.090625
64 0.35234375 0.4609375 0.096875 0.05625