23 0.73984375 0.475 0.228125 0.059375
148 0.7375 0.58046875 0.1109375 0.146875
60 0.325 0.57734375 0.1390625 0.1265625
99 0.45 0.59921875 0.15625 0.1046875
22 0.621875 0.61171875 0.2015625 0.0875
49 0.74609375 0.62578125 0.08125 0.0703125
76 0.325 0.83671875 0.059375 0.1015625
28 0.54609375 0.890625 0.1421875 0.0828125
85 0.721875 0.91640625 0.1546875 0.09375
74 0.371875 0.9328125 0.2359375 0.103125
142 0.634375 0.96484375 0.18125 0.0671875
91 0.5328125 0.1625 0.1171875 0.1859375
148 0.3859375 0.17734375 0.1265625 0.1328125
121 0.7015625 0.225 0.18125 0.065625
150 0.55703125 0.4546875 0.1484375 0.084375
64 0.35703125 0.45234375 0.096875 0.0578125