148 0.765625 0.5796875 0.11875 0.1390625
94 0.41171875 0.57890625 0.1484375 0.0953125
33 0.58515625 0.590625 0.165625 0.1
91 0.646875 0.81484375 0.103125 0.1453125
49 0.3375 0.86171875 0.075 0.071875
76 0.35625 0.884375 0.0640625 0.1109375
42 0.625 0.9296875 0.2296875 0.13125
40 0.73515625 0.221875 0.09375 0.05625
28 0.52421875 0.22421875 0.146875 0.0421875
60 0.39609375 0.4171875 0.171875 0.1453125
146 0.55390625 0.45 0.140625 0.0859375
150 0.79375 0.4671875 0.1203125 0.0765625
150 0.6828125 0.4640625 0.0765625 0.059375