146 0.38359375 0.57578125 0.1390625 0.0828125
42 0.7515625 0.60859375 0.1890625 0.096875
37 0.54453125 0.615625 0.2296875 0.0765625
72 0.72421875 0.90625 0.190625 0.1078125
74 0.396875 0.9078125 0.1765625 0.0796875
40 0.590625 0.2125 0.0828125 0.05
121 0.3984375 0.2140625 0.1703125 0.0578125
64 0.72109375 0.22109375 0.103125 0.0578125
85 0.80703125 0.22734375 0.14375 0.046875
33 0.40390625 0.41640625 0.1640625 0.059375
76 0.7515625 0.43359375 0.0609375 0.11875
154 0.56875 0.44609375 0.140625 0.078125
150 0.4109375 0.4578125 0.278125 0.08125