60 0.584375 0.590625 0.1515625 0.1015625
154 0.73046875 0.59140625 0.14375 0.078125
70 0.3875 0.60859375 0.25625 0.090625
33 0.69453125 0.8359375 0.1609375 0.109375
23 0.38515625 0.88359375 0.1625 0.0890625
40 0.5984375 0.8875 0.1125 0.0703125
148 0.34453125 0.1796875 0.1125 0.1421875
148 0.596875 0.1859375 0.125 0.134375
42 0.75703125 0.20390625 0.2109375 0.0796875
18 0.46875 0.21875 0.1703125 0.059375
94 0.7015625 0.4375 0.19375 0.0875
37 0.53046875 0.4609375 0.1921875 0.059375
142 0.35546875 0.4625 0.1375 0.04375
49 0.75703125 0.46328125 0.0859375 0.075