22 0.43515625 0.59296875 0.140625 0.0890625
42 0.75078125 0.59921875 0.2140625 0.096875
154 0.5671875 0.6046875 0.1515625 0.090625
49 0.3484375 0.62109375 0.0859375 0.06875
99 0.7640625 0.85625 0.1484375 0.1046875
121 0.44296875 0.86796875 0.2265625 0.065625
146 0.38359375 0.9265625 0.1765625 0.1125
74 0.62265625 0.946875 0.275 0.1
40 0.53671875 0.2109375 0.0875 0.0484375
64 0.7046875 0.215625 0.1171875 0.0625
85 0.8 0.215625 0.1234375 0.053125
142 0.3796875 0.2328125 0.1359375 0.0265625
148 0.5515625 0.41015625 0.103125 0.128125
76 0.74921875 0.40859375 0.0765625 0.084375
70 0.425 0.44765625 0.2671875 0.103125
150 0.60625 0.46328125 0.109375 0.0609375
37 0.7640625 0.4609375 0.2375 0.0640625