60 0.41015625 0.5578125 0.159375 0.109375
42 0.753125 0.60390625 0.196875 0.0921875
94 0.3671875 0.6046875 0.165625 0.09375
37 0.54921875 0.61015625 0.225 0.078125
22 0.78046875 0.87734375 0.1625 0.121875
74 0.40703125 0.90546875 0.184375 0.084375
49 0.63125 0.91640625 0.0796875 0.075
146 0.359375 0.20078125 0.14375 0.078125
40 0.590625 0.2125 0.1015625 0.053125
142 0.78125 0.23046875 0.11875 0.0328125
60 0.3859375 0.4359375 0.153125 0.1109375
76 0.76796875 0.4359375 0.084375 0.11875
64 0.6703125 0.4375 0.1 0.0296875
154 0.55234375 0.44375 0.15625 0.08125
85 0.734375 0.45625 0.209375 0.046875