142 0.33515625 0.465625 0.1234375 0.040625
148 0.73828125 0.57109375 0.109375 0.1328125
60 0.33515625 0.578125 0.1109375 0.121875
94 0.4578125 0.5859375 0.128125 0.0875
154 0.609375 0.61171875 0.1578125 0.0875
33 0.68125 0.8328125 0.15625 0.1046875
22 0.5484375 0.87578125 0.190625 0.103125
23 0.3703125 0.88515625 0.1859375 0.0984375
37 0.75234375 0.90859375 0.1953125 0.1078125
91 0.525 0.159375 0.1078125 0.18125
148 0.38046875 0.17890625 0.1234375 0.128125
99 0.68125 0.19609375 0.1875 0.10625
49 0.396875 0.44765625 0.071875 0.0625
150 0.51328125 0.45234375 0.2078125 0.0765625
121 0.72890625 0.45703125 0.1734375 0.075