70 0.64375 0.5546875 0.2453125 0.0875
94 0.31328125 0.59140625 0.1625 0.0875
144 0.6359375 0.58828125 0.2359375 0.109375
74 0.4703125 0.596875 0.1890625 0.0953125
99 0.29140625 0.8734375 0.134375 0.1078125
28 0.45859375 0.87421875 0.1453125 0.06875
72 0.68671875 0.875 0.20625 0.109375
76 0.43046875 0.19453125 0.059375 0.0984375
146 0.27421875 0.2109375 0.1578125 0.084375
154 0.5359375 0.209375 0.175 0.075
22 0.6609375 0.21171875 0.14375 0.06875
42 0.3203125 0.4234375 0.2140625 0.08125
33 0.68359375 0.440625 0.1921875 0.0984375
142 0.48671875 0.46015625 0.1375 0.0421875