142 0.334375 0.46875 0.1234375 0.0390625
148 0.73984375 0.5671875 0.10625 0.13125
60 0.33671875 0.58125 0.109375 0.11875
94 0.459375 0.58671875 0.128125 0.084375
154 0.6109375 0.61015625 0.15625 0.084375
33 0.68671875 0.8296875 0.153125 0.103125
22 0.5546875 0.875 0.1875 0.1
23 0.37734375 0.8875 0.184375 0.0953125
37 0.759375 0.90390625 0.19375 0.1046875
91 0.51875 0.159375 0.10625 0.178125
148 0.375 0.18125 0.121875 0.125
99 0.67578125 0.19296875 0.184375 0.103125
49 0.39609375 0.44921875 0.071875 0.0609375
150 0.5125 0.45234375 0.20625 0.071875
121 0.728125 0.453125 0.171875 0.071875