144 0.36796875 0.5703125 0.1875 0.1578125
99 0.51953125 0.584375 0.146875 0.1109375
85 0.69296875 0.6078125 0.1546875 0.0703125
94 0.53671875 0.84921875 0.1734375 0.090625
60 0.66796875 0.871875 0.1515625 0.1609375
64 0.7734375 0.89375 0.109375 0.0671875
23 0.39765625 0.9078125 0.2234375 0.1171875
148 0.38046875 0.17265625 0.1125 0.13125
146 0.77265625 0.21796875 0.1421875 0.078125
70 0.5734375 0.21640625 0.296875 0.065625
28 0.7625 0.4703125 0.1515625 0.0546875
74 0.54609375 0.46640625 0.225 0.0421875