28 0.471875 0.46796875 0.1375 0.0546875
37 0.61796875 0.46875 0.1078125 0.0390625
60 0.44140625 0.55078125 0.1453125 0.1109375
33 0.59140625 0.571875 0.171875 0.0875
49 0.771875 0.57734375 0.0828125 0.071875
42 0.45 0.60859375 0.28125 0.1171875
72 0.71328125 0.6140625 0.2421875 0.0625
91 0.77109375 0.81640625 0.103125 0.153125
121 0.41953125 0.85390625 0.15 0.0875
150 0.5609375 0.8515625 0.1453125 0.08125
91 0.81875 0.84296875 0.1125 0.171875
148 0.684375 0.85703125 0.11875 0.14375
22 0.78359375 0.90859375 0.2140625 0.128125
23 0.528125 0.93203125 0.1359375 0.0859375
85 0.3796875 0.9390625 0.153125 0.10625
144 0.3390625 0.1609375 0.1859375 0.1875
148 0.7671875 0.1671875 0.0984375 0.1296875
76 0.81796875 0.17890625 0.0671875 0.1125
99 0.6625 0.1890625 0.1359375 0.0921875
154 0.47734375 0.215625 0.1703125 0.0671875
70 0.78046875 0.415625 0.1671875 0.1578125
146 0.5671875 0.43671875 0.1328125 0.075
18 0.4046875 0.44296875 0.16875 0.0703125
37 0.74140625 0.45078125 0.1390625 0.0734375
64 0.3359375 0.46953125 0.0953125 0.0578125