60 0.40390625 0.55234375 0.1578125 0.128125
146 0.35078125 0.59453125 0.1375 0.0953125
42 0.74921875 0.6125 0.203125 0.103125
37 0.5484375 0.6140625 0.2234375 0.08125
22 0.77578125 0.88515625 0.1671875 0.1328125
74 0.3953125 0.89921875 0.178125 0.0890625
49 0.61953125 0.92265625 0.0828125 0.08125
33 0.39453125 0.19296875 0.2015625 0.1
40 0.60078125 0.2140625 0.1125 0.0546875
142 0.7890625 0.23828125 0.1359375 0.0296875
154 0.5578125 0.4484375 0.15625 0.08125
64 0.6703125 0.45625 0.103125 0.053125
85 0.70703125 0.465625 0.26875 0.0703125
23 0.378125 0.45703125 0.1828125 0.065625