68 0.5775193796875 0.28974358906250003 0.5697674421875 0.228205128125 0.5736434109374999 0.1615384609375 0.5639534890625 0.1487179484375 0.562015503125 0.171794871875 0.546511628125 0.2076923078125 0.5155038765625 0.258974359375 0.5155038765625 0.36666666718749996 0.546511628125 0.5102564109375 0.5813953484375001 0.602564103125 0.5891472875 0.6076923078124999 0.59302325625 0.5358974359374999 0.5697674421875 0.402564103125 0.5697674421875 0.3205128203125 0.5775193796875 0.28974358906250003
68 0.505813953125 0.24102564062499998 0.45736434062500003 0.3051282046875 0.44186046562500003 0.35128205156250003 0.42248062031250005 0.47948717968750004 0.42248062031250005 0.6333333328124999 0.4341085265625 0.653846153125 0.45736434062500003 0.515384615625 0.48837209374999996 0.3923076921875 0.5077519374999999 0.34102564062499996 0.505813953125 0.24102564062499998
68 0.42248062031250005 0.5205128203125 0.3856589140625 0.384615384375 0.3720930234375 0.4128205125 0.3759689921875 0.45384615312500004 0.360465115625 0.515384615625 0.352713178125 0.7615384609375 0.3333333328125 0.8846153843750001 0.3372093015625 0.9051282046875 0.360465115625 0.874358975 0.3875969 0.7820512828124999 0.42248062031250005 0.5615384609375 0.42248062031250005 0.5205128203125
68 0.40310077499999997 0.19743589687500002 0.3837209296875 0.171794871875 0.3662790703125 0.12307692343750001 0.360465115625 0.13076923125 0.360465115625 0.1769230765625 0.344961240625 0.2076923078125 0.34108527187500004 0.3 0.3333333328125 0.34102564062499996 0.3333333328125 0.3871794875 0.34883720937499996 0.4487179484375 0.34883720937499996 0.48461538437499996 0.352713178125 0.5051282046875001 0.360465115625 0.5051282046875001 0.3720930234375 0.4641025640625 0.3720930234375 0.4076923078125 0.40310077499999997 0.253846153125 0.40310077499999997 0.19743589687500002
68 0.153100775 0.23076923124999998 0.1259689921875 0.22051282031250002 0.12403100781250001 0.228205128125 0.143410853125 0.2487179484375 0.151162790625 0.284615384375 0.22093023281250002 0.3615384609375 0.255813953125 0.4230769234375 0.2674418609375 0.45384615312500004 0.2790697671875 0.4641025640625 0.2829457359375 0.3769230765625 0.24418604687499998 0.28974358906250003 0.195736434375 0.23589743593749998 0.153100775 0.23076923124999998
68 0.27131782968749996 0.46923076874999997 0.259689921875 0.44358974375000004 0.20348837187500002 0.3794871796875 0.19767441875 0.3871794875 0.2170542640625 0.4128205125 0.21317829531250002 0.4487179484375 0.2170542640625 0.4948717953125 0.240310078125 0.5512820515625 0.26356589218750004 0.6333333328124999 0.2868217046875 0.6897435890625 0.312015503125 0.7230769234375 0.33527131718750003 0.7384615390625 0.344961240625 0.7358974359375 0.3372093015625 0.7051282046875 0.31007751875 0.6589743593749999 0.2790697671875 0.5358974359374999 0.27131782968749996 0.46923076874999997
68 0.5174418609375 0.43076923125000005 0.49612403125000004 0.525641025 0.4689922484375 0.5615384609375 0.4689922484375 0.653846153125 0.4767441859375 0.7564102562499999 0.48837209374999996 0.8076923078125 0.5271317828125001 0.915384615625 0.538759690625 0.9205128203124999 0.538759690625 0.8846153843750001 0.5271317828125001 0.8384615390624999 0.5271317828125001 0.4384615390625 0.5174418609375 0.43076923125000005
68 0.6356589140625 0.33076923125 0.6259689921875 0.3179487171875 0.6240310078125 0.3615384609375 0.6124031 0.3769230765625 0.60077519375 0.4230769234375 0.6046511625 0.47948717968750004 0.59302325625 0.6282051281250001 0.60852713125 0.7358974359375 0.6259689921875 0.7641025640625 0.6317829453125 0.7615384609375 0.6356589140625 0.6487179484375 0.6666666671875 0.3923076921875 0.639534884375 0.35641025625 0.6356589140625 0.33076923125
68 0.8294573640625 0.258974359375 0.8546511625000001 0.225641025 0.8391472875 0.225641025 0.800387596875 0.25641025625 0.788759690625 0.25641025625 0.7674418609375 0.28974358906250003 0.759689921875 0.32564102500000003 0.759689921875 0.6179487171875 0.7751937984375 0.6589743593749999 0.790697675 0.66923076875 0.7868217046875 0.55641025625 0.79457364375 0.41794871718750004 0.8255813953125 0.3051282046875 0.8294573640625 0.258974359375
68 0.7286821703124999 0.19743589687500002 0.7364341078125001 0.1820512828125 0.7344961234375 0.16410256406249998 0.7286821703124999 0.171794871875 0.7286821703124999 0.1871794875 0.7189922484375 0.2 0.687984496875 0.20512820468749998 0.6666666671875 0.2384615390625 0.6356589140625 0.32564102500000003 0.639534884375 0.35641025625 0.653100775 0.374358975 0.6647286828125 0.384615384375 0.6666666671875 0.3820512828125 0.69379845 0.3102564109375 0.7170542640625001 0.2794871796875 0.7325581390625 0.24358974375 0.7286821703124999 0.19743589687500002
68 0.6201550390625 0.3051282046875 0.6317829453125 0.3 0.6627906984374999 0.24358974375 0.6860465109375 0.15641025625 0.7073643406250001 0.1384615390625 0.7073643406250001 0.128205128125 0.695736434375 0.128205128125 0.6686046515624999 0.153846153125 0.6337209296874999 0.16410256406249998 0.5852713171875 0.26923076875 0.5697674421875 0.35128205156250003 0.5697674421875 0.402564103125 0.5775193796875 0.45384615312500004 0.5852713171875 0.4641025640625 0.596899225 0.428205128125 0.60077519375 0.3820512828125 0.6201550390625 0.32564102500000003 0.6201550390625 0.3051282046875