99 0.2453125 0.87109375 0.2203125 0.2578125
99 0.5578125 0.81328125 0.16171875 0.16796875
99 0.68203125 0.6828125 0.1328125 0.19296875
99 0.51484375 0.63984375 0.14921875 0.20234375
99 0.275 0.56953125 0.11015625 0.15625
99 0.45625 0.43828125 0.1234375 0.18984375
99 0.584375 0.48046875 0.1125 0.14296875
99 0.4984375 0.26328125 0.14765625 0.1875
99 0.13359375 0.31640625 0.1328125 0.19296875
99 0.26484375 0.2140625 0.11875 0.171875
99 0.38046875 0.2 0.08984375 0.17890625
99 0.61875 0.215625 0.11328125 0.17890625
99 0.71171875 0.3015625 0.10703125 0.16796875
99 0.840625 0.60546875 0.1765625 0.125
99 0.8203125 0.77734375 0.159375 0.1703125
99 0.86171875 0.934375 0.15078125 0.13125
99 0.82890625 0.34453125 0.13359375 0.13671875
99 0.95390625 0.425 0.09140625 0.18046875
99 0.84765625 0.15625 0.11875 0.14609375
99 0.73671875 0.1625 0.11171875 0.11171875
99 0.565625 0.0578125 0.16015625 0.115625
99 0.0703125 0.17421875 0.134375 0.109375
99 0.14453125 0.55546875 0.1515625 0.26796875
99 0.328125 0.45390625 0.12421875 0.16484375
99 0.8453125 0.48203125 0.12109375 0.13359375