100 0.0671875 0.45390625 0.07421875 0.0953125
100 0.2 0.63828125 0.08984375 0.1015625
100 0.1625 0.81796875 0.065625 0.09375
100 0.2109375 0.86640625 0.05390625 0.07578125
100 0.53984375 0.5828125 0.07265625 0.09453125
100 0.91875 0.65234375 0.07265625 0.0953125
100 0.828125 0.86328125 0.0703125 0.09921875
100 0.71328125 0.85703125 0.06484375 0.07890625
100 0.59453125 0.2296875 0.0625 0.078125
100 0.53671875 0.10078125 0.0640625 0.0890625
100 0.796875 0.03203125 0.06953125 0.0640625
100 0.3953125 0.04296875 0.05 0.07734375