100 0.1734375 0.38359375 0.20625 0.3734375
100 0.39296875 0.57578125 0.2125 0.38046875
100 0.14375 0.76875 0.2234375 0.38203125
100 0.36015625 0.884375 0.2234375 0.23125
100 0.5875 0.78984375 0.21640625 0.37265625
100 0.8046875 0.65390625 0.221875 0.3921875
100 0.79609375 0.925 0.2234375 0.14921875
100 0.8359375 0.2921875 0.21171875 0.3359375
100 0.60234375 0.41953125 0.2203125 0.359375
100 0.40859375 0.2171875 0.2 0.3453125
100 0.6234375 0.12109375 0.225 0.2421875
100 0.0703125 0.1234375 0.140625 0.24609375
100 0.221875 0.10078125 0.16875 0.2015625