13 0.5375 0.8296875 0.096875 0.08125
13 0.325 0.84765625 0.0875 0.0796875
13 0.353125 0.80390625 0.06875 0.0515625
13 0.53359375 0.33203125 0.071875 0.0453125
16 0.65625 0.87265625 0.090625 0.0734375
16 0.65078125 0.79609375 0.078125 0.0609375
16 0.44765625 0.57109375 0.059375 0.0453125
3 0.83203125 0.61953125 0.128125 0.0765625
3 0.653125 0.5828125 0.103125 0.046875
3 0.30625 0.6484375 0.140625 0.103125
3 0.209375 0.640625 0.13125 0.08125
5 0.30703125 0.5796875 0.303125 0.065625
5 0.32734375 0.87421875 0.196875 0.1890625
5 0.40703125 0.82890625 0.134375 0.1984375
5 0.46953125 0.38984375 0.04375 0.0515625
5 0.48203125 0.34765625 0.078125 0.0703125
7 0.428125 0.65703125 0.16875 0.0765625
7 0.434375 0.6109375 0.146875 0.040625