5 0.92109375 0.23203125 0.1578125 0.303125
5 0.64375 0.30859375 0.053125 0.265625
5 0.615625 0.41171875 0.084375 0.253125
5 0.35546875 0.51796875 0.0421875 0.071875
13 0.82890625 0.66015625 0.0890625 0.1046875
13 0.86640625 0.76796875 0.1109375 0.140625
13 0.79375 0.75 0.0625 0.103125
13 0.60390625 0.696875 0.0703125 0.128125
3 0.56171875 0.703125 0.0453125 0.09375
3 0.53671875 0.39140625 0.0703125 0.078125
3 0.5234375 0.46171875 0.025 0.065625
16 0.5203125 0.53828125 0.01875 0.05625
7 0.53671875 0.553125 0.0515625 0.30625
7 0.5796875 0.440625 0.034375 0.05625
7 0.56875 0.56796875 0.0375 0.046875
3 0.1609375 0.72890625 0.053125 0.1171875
16 0.18828125 0.74453125 0.0640625 0.103125