3 0.59296875 0.828125 0.11875 0.090625
3 0.72421875 0.83828125 0.1109375 0.0796875
3 0.6125 0.759375 0.1046875 0.05625
3 0.7125 0.77734375 0.1 0.0484375
13 0.26171875 0.8109375 0.103125 0.071875
13 0.39296875 0.8015625 0.0859375 0.0625
13 0.453125 0.7609375 0.078125 0.071875
13 0.35234375 0.74453125 0.096875 0.0578125
16 0.728125 0.1765625 0.0859375 0.0375
16 0.52734375 0.5125 0.0546875 0.015625
5 0.30625 0.6328125 0.259375 0.05
5 0.29609375 0.5859375 0.321875 0.071875
5 0.47578125 0.61796875 0.13125 0.0484375
7 0.52421875 0.53671875 0.2890625 0.0453125
5 0.49609375 0.35546875 0.071875 0.0453125