16 0.67109375 0.340625 0.0515625 0.103125
16 0.6703125 0.434375 0.0625 0.09375
16 0.27578125 0.49921875 0.0390625 0.071875
16 0.30703125 0.6375 0.0390625 0.059375
13 0.46015625 0.30859375 0.0640625 0.090625
13 0.5 0.346875 0.021875 0.034375
13 0.31015625 0.57578125 0.0453125 0.071875
13 0.26953125 0.60078125 0.0578125 0.08125
3 0.67421875 0.51640625 0.0578125 0.078125
3 0.484375 0.38984375 0.053125 0.0875
3 0.51015625 0.55625 0.0140625 0.046875
5 0.440625 0.69765625 0.10625 0.246875
5 0.47890625 0.56796875 0.0578125 0.15625
5 0.41875 0.53671875 0.0625 0.09375
7 0.44453125 0.38828125 0.0359375 0.059375
7 0.47265625 0.45546875 0.0390625 0.06875
7 0.42578125 0.45859375 0.0390625 0.078125