3 0.18984375 0.15078125 0.1171875 0.0859375
3 0.446875 0.51796875 0.1015625 0.0609375
3 0.51953125 0.515625 0.065625 0.0375
3 0.79609375 0.1578125 0.1328125 0.078125
16 0.803125 0.1703125 0.09375 0.059375
16 0.58515625 0.51640625 0.0546875 0.0328125
16 0.596875 0.5015625 0.065625 0.028125
16 0.62890625 0.51484375 0.034375 0.0296875
13 0.33828125 0.5890625 0.10625 0.084375
13 0.50390625 0.72734375 0.109375 0.0734375
13 0.66953125 0.7203125 0.090625 0.06875
13 0.3 0.14609375 0.125 0.1015625
5 0.75078125 0.58828125 0.19375 0.0859375
5 0.409375 0.5796875 0.10625 0.084375
5 0.49609375 0.58515625 0.175 0.0765625
7 0.58671875 0.78203125 0.31875 0.0484375
7 0.58125 0.55390625 0.2578125 0.0578125
5 0.27890625 0.753125 0.0921875 0.0875
5 0.57109375 0.33359375 0.059375 0.0515625