16 0.83203125 0.32890625 0.109375 0.0671875
16 0.721875 0.32109375 0.134375 0.0765625
16 0.6 0.3296875 0.125 0.065625
3 0.440625 0.32421875 0.11875 0.0703125
3 0.375 0.31796875 0.071875 0.0640625
3 0.30078125 0.31796875 0.11875 0.0703125
13 0.39453125 0.56484375 0.109375 0.0671875
13 0.28359375 0.56171875 0.1 0.0734375
13 0.48203125 0.534375 0.071875 0.05
13 0.38984375 0.525 0.1 0.03125
7 0.67421875 0.7859375 0.10625 0.1375
7 0.55234375 0.765625 0.171875 0.11875
7 0.52109375 0.8015625 0.225 0.109375