16 0.478125 0.14765625 0.103125 0.0671875
16 0.421875 0.15625 0.078125 0.0359375
16 0.34296875 0.77578125 0.090625 0.0671875
16 0.32109375 0.74609375 0.078125 0.0484375
7 0.71640625 0.84140625 0.2296875 0.1296875
13 0.39609375 0.54921875 0.0921875 0.0609375
13 0.315625 0.53125 0.090625 0.0625
13 0.46796875 0.525 0.08125 0.0625
13 0.375 0.50078125 0.071875 0.0453125
3 0.253125 0.31796875 0.128125 0.0828125
3 0.365625 0.31796875 0.10625 0.0703125
3 0.55859375 0.50625 0.084375 0.05625
3 0.471875 0.49140625 0.08125 0.0359375
7 0.50859375 0.33203125 0.075 0.0484375
5 0.65390625 0.56171875 0.2671875 0.0421875
5 0.66484375 0.53203125 0.2125 0.0234375
7 0.7625 0.14453125 0.0875 0.0453125
5 0.546875 0.68515625 0.11875 0.1203125