13 0.12734375 0.85703125 0.1375 0.1046875
13 0.21875 0.81328125 0.096875 0.0765625
13 0.72109375 0.78984375 0.1 0.0796875
13 0.334375 0.5203125 0.053125 0.04375
16 0.74453125 0.1890625 0.090625 0.04375
16 0.68203125 0.1875 0.03125 0.028125
3 0.48203125 0.3359375 0.08125 0.059375
3 0.37421875 0.525 0.09375 0.046875
3 0.51640625 0.49765625 0.046875 0.0296875
16 0.48671875 0.728125 0.078125 0.05
16 0.62734375 0.70859375 0.046875 0.0453125
5 0.60859375 0.55234375 0.3125 0.1390625
7 0.43046875 0.58125 0.084375 0.04375
7 0.41953125 0.54296875 0.103125 0.0484375
7 0.36328125 0.565625 0.065625 0.03125