13 0.06640625 0.48671875 0.1046875 0.140625
13 0.0765625 0.64921875 0.0828125 0.140625
13 0.74453125 0.60703125 0.071875 0.09375
13 0.7765625 0.45625 0.08125 0.103125
16 0.57421875 0.1875 0.065625 0.103125
16 0.571875 0.2921875 0.05625 0.09375
16 0.54140625 0.209375 0.0484375 0.090625
16 0.52109375 0.36171875 0.046875 0.08125
3 0.703125 0.3953125 0.065625 0.0796875
3 0.19453125 0.58671875 0.0859375 0.121875
3 0.2796875 0.6609375 0.109375 0.140625
3 0.2765625 0.5234375 0.115625 0.134375
5 0.50859375 0.47421875 0.034375 0.103125
5 0.53203125 0.440625 0.0640625 0.0921875
5 0.86171875 0.73828125 0.203125 0.25625
7 0.51796875 0.5921875 0.115625 0.0921875
7 0.54140625 0.65859375 0.059375 0.0953125
7 0.5375 0.540625 0.071875 0.0625