7 0.328125 0.128125 0.278125 0.1
7 0.3375 0.17265625 0.2671875 0.0859375
3 0.79453125 0.41640625 0.128125 0.0828125
3 0.72734375 0.18671875 0.121875 0.0765625
3 0.83125 0.83515625 0.1375 0.0796875
3 0.61953125 0.45859375 0.084375 0.0328125
13 0.53125 0.68828125 0.1 0.0484375
13 0.509375 0.23203125 0.084375 0.0734375
13 0.37421875 0.259375 0.0859375 0.0625
13 0.33125 0.23046875 0.096875 0.0671875
16 0.61171875 0.1890625 0.09375 0.059375
16 0.625 0.24921875 0.084375 0.0484375
16 0.48828125 0.44765625 0.053125 0.0453125
16 0.44140625 0.4625 0.059375 0.059375
5 0.45546875 0.63671875 0.084375 0.0453125
5 0.478125 0.6765625 0.10625 0.071875
5 0.325 0.5453125 0.234375 0.09375
5 0.24609375 0.79921875 0.1875 0.0578125
5 0.17109375 0.82109375 0.190625 0.0546875