3 0.12109375 0.8375 0.0921875 0.109375
3 0.175 0.55078125 0.08125 0.090625
3 0.22578125 0.73671875 0.0609375 0.109375
3 0.165625 0.72265625 0.090625 0.121875
16 0.11875 0.62890625 0.075 0.128125
16 0.19453125 0.42890625 0.0671875 0.090625
16 0.21171875 0.50390625 0.0671875 0.071875
13 0.1875 0.84296875 0.06875 0.109375
13 0.26796875 0.65546875 0.0546875 0.103125
13 0.20546875 0.634375 0.0703125 0.103125
13 0.2453125 0.56328125 0.06875 0.096875
5 0.21796875 0.29765625 0.1328125 0.128125
5 0.153125 0.25234375 0.125 0.115625
5 0.81796875 0.75703125 0.0609375 0.271875
5 0.646875 0.50078125 0.046875 0.05625
5 0.48046875 0.32578125 0.1171875 0.121875
7 0.46484375 0.4875 0.0484375 0.265625
7 0.4296875 0.56796875 0.05 0.08125