5 0.19765625 0.815625 0.271875 0.16875
5 0.534375 0.575 0.2234375 0.08125
16 0.675 0.1640625 0.05 0.028125
16 0.72421875 0.16796875 0.08125 0.0296875
16 0.46640625 0.7203125 0.05 0.040625
16 0.603125 0.69375 0.0359375 0.0375
7 0.33671875 0.51328125 0.0984375 0.0671875
7 0.37265625 0.5453125 0.0921875 0.059375
7 0.27421875 0.55234375 0.0734375 0.0453125
13 0.62421875 0.80078125 0.1015625 0.0921875
13 0.725 0.853125 0.0875 0.084375
13 0.79140625 0.81640625 0.0296875 0.0296875
3 0.5 0.3390625 0.025 0.04375
3 0.74296875 0.675 0.1234375 0.090625
3 0.746875 0.7640625 0.128125 0.096875
3 0.671875 0.74453125 0.0484375 0.0765625