5 0.26328125 0.19609375 0.2984375 0.0484375
3 0.65 0.1828125 0.1 0.059375
3 0.71953125 0.17578125 0.065625 0.0515625
3 0.39296875 0.54609375 0.08125 0.0578125
3 0.465625 0.53828125 0.065625 0.0421875
7 0.175 0.86796875 0.0671875 0.1578125
7 0.52109375 0.78828125 0.2875 0.0359375
13 0.53828125 0.828125 0.0859375 0.078125
13 0.70625 0.56640625 0.1 0.0734375
13 0.63359375 0.72421875 0.059375 0.0640625
5 0.375 0.6046875 0.234375 0.0875
16 0.57421875 0.59921875 0.09375 0.0546875
16 0.61171875 0.57734375 0.059375 0.0515625
16 0.5375 0.534375 0.0625 0.040625
16 0.775 0.1921875 0.1 0.05
7 0.55 0.5765625 0.1125 0.078125
5 0.43203125 0.3203125 0.128125 0.028125
5 0.496875 0.34375 0.078125 0.06875
13 0.52265625 0.34375 0.015625 0.025