16 0.83046875 0.165625 0.0703125 0.140625
16 0.83046875 0.28828125 0.0640625 0.10625
16 0.82265625 0.38828125 0.0671875 0.09375
16 0.803125 0.35078125 0.065625 0.084375
3 0.678125 0.31484375 0.109375 0.134375
3 0.66953125 0.440625 0.1046875 0.121875
3 0.090625 0.23046875 0.109375 0.14375
3 0.09375 0.3875 0.1 0.128125
13 0.41171875 0.35546875 0.0765625 0.115625
13 0.41796875 0.48828125 0.0671875 0.096875
13 0.43828125 0.41015625 0.0765625 0.0875
13 0.459375 0.35390625 0.046875 0.078125
5 0.41015625 0.64296875 0.0546875 0.209375
5 0.4375 0.57734375 0.04375 0.140625
5 0.2046875 0.27109375 0.13125 0.315625
7 0.18515625 0.653125 0.1921875 0.115625
7 0.1828125 0.565625 0.146875 0.1359375
7 0.1921875 0.48046875 0.153125 0.159375