16 0.67890625 0.821875 0.096875 0.06875
16 0.54765625 0.83046875 0.096875 0.0640625
16 0.440625 0.509375 0.05625 0.034375
13 0.54921875 0.7671875 0.115625 0.0625
13 0.44375 0.77578125 0.096875 0.0828125
13 0.22890625 0.14453125 0.109375 0.0734375
3 0.57890625 0.52578125 0.103125 0.0640625
3 0.33671875 0.15703125 0.115625 0.0578125
3 0.50546875 0.51953125 0.06875 0.0390625
7 0.41171875 0.55703125 0.25625 0.0328125
7 0.43046875 0.53828125 0.2359375 0.0375
7 0.42734375 0.734375 0.203125 0.028125
5 0.69765625 0.1734375 0.309375 0.034375
5 0.31171875 0.7859375 0.19375 0.1125
5 0.47734375 0.32109375 0.103125 0.0734375
5 0.53828125 0.2984375 0.134375 0.034375
13 0.45546875 0.32421875 0.046875 0.0296875