5 0.896875 0.209375 0.153125 0.15625
5 0.853125 0.76015625 0.128125 0.109375
5 0.54140625 0.47265625 0.0953125 0.215625
16 0.39375 0.29296875 0.065625 0.109375
16 0.38984375 0.384375 0.0578125 0.103125
16 0.390625 0.48125 0.059375 0.090625
16 0.3765625 0.559375 0.065625 0.103125
13 0.64140625 0.35546875 0.0734375 0.103125
13 0.6171875 0.43828125 0.08125 0.121875
13 0.5796875 0.36875 0.05 0.084375
13 0.58046875 0.440625 0.0234375 0.09375
3 0.6125 0.65390625 0.065625 0.084375
3 0.63359375 0.76796875 0.0765625 0.103125
3 0.57109375 0.68359375 0.0359375 0.084375
3 0.5796875 0.775 0.04375 0.125
7 0.3 0.60390625 0.059375 0.084375
7 0.32890625 0.51796875 0.0671875 0.06875
7 0.34375 0.54453125 0.03125 0.046875