13 0.81796875 0.59453125 0.0953125 0.11875
13 0.82734375 0.47421875 0.0890625 0.115625
13 0.10703125 0.2125 0.0921875 0.153125
16 0.596875 0.22265625 0.05625 0.125
16 0.584375 0.37265625 0.059375 0.096875
16 0.5140625 0.43671875 0.046875 0.08125
16 0.15078125 0.178125 0.0484375 0.134375
5 0.8875 0.81875 0.175 0.3
5 0.1515625 0.75078125 0.06875 0.353125
5 0.3 0.53046875 0.128125 0.15625
13 0.3 0.471875 0.0375 0.034375
3 0.52421875 0.596875 0.0734375 0.090625
3 0.52421875 0.51484375 0.0484375 0.071875
3 0.13046875 0.33046875 0.0828125 0.121875
7 0.54765625 0.434375 0.0234375 0.265625
7 0.57734375 0.440625 0.0453125 0.259375
7 0.77421875 0.46171875 0.0328125 0.309375