13 0.36484375 0.84453125 0.1 0.0890625
13 0.46640625 0.846875 0.1125 0.08125
13 0.659375 0.81015625 0.04375 0.0390625
13 0.690625 0.85625 0.059375 0.071875
3 0.80703125 0.8953125 0.1234375 0.115625
3 0.3875 0.3765625 0.1375 0.1125
3 0.32578125 0.68828125 0.115625 0.0828125
3 0.63359375 0.6828125 0.125 0.08125
16 0.23046875 0.6734375 0.0859375 0.059375
16 0.340625 0.6234375 0.08125 0.046875
16 0.409375 0.66328125 0.078125 0.0703125
5 0.23125 0.196875 0.3296875 0.040625
5 0.671875 0.86953125 0.190625 0.2265625
7 0.51328125 0.59375 0.190625 0.046875
7 0.46640625 0.6421875 0.0375 0.040625
5 0.74140625 0.5828125 0.1296875 0.140625
5 0.534375 0.4015625 0.05625 0.04375