13 0.15546875 0.865625 0.1140625 0.140625
13 0.15625 0.74375 0.1125 0.1375
13 0.1640625 0.61953125 0.109375 0.128125
13 0.17734375 0.503125 0.1078125 0.13125
16 0.18671875 0.39609375 0.0890625 0.103125
16 0.18671875 0.28828125 0.0890625 0.109375
16 0.1890625 0.21015625 0.08125 0.053125
3 0.46015625 0.48828125 0.0734375 0.103125
3 0.4625 0.39140625 0.065625 0.090625
3 0.71953125 0.390625 0.0828125 0.115625
3 0.72734375 0.28046875 0.0921875 0.11875
7 0.7078125 0.62109375 0.05625 0.203125
7 0.7140625 0.50390625 0.065625 0.15
7 0.446875 0.27421875 0.1 0.096875