3 0.35078125 0.3546875 0.1234375 0.078125
3 0.45546875 0.36171875 0.11875 0.0734375
3 0.465625 0.53203125 0.090625 0.0671875
3 0.55234375 0.53125 0.0828125 0.075
13 0.671875 0.58046875 0.11875 0.0859375
13 0.79296875 0.58046875 0.10625 0.0828125
13 0.25078125 0.84921875 0.1109375 0.0828125
13 0.22109375 0.796875 0.1046875 0.059375
16 0.371875 0.8125 0.08125 0.071875
16 0.33828125 0.78203125 0.071875 0.0515625
16 0.759375 0.20078125 0.08125 0.0578125
5 0.55390625 0.69921875 0.1328125 0.1265625
5 0.665625 0.57890625 0.24375 0.0703125
5 0.659375 0.55 0.23125 0.03125
7 0.27734375 0.16953125 0.371875 0.0515625
7 0.28046875 0.2015625 0.3609375 0.04375