13 0.84296875 0.8859375 0.121875 0.103125
13 0.60546875 0.86953125 0.115625 0.0921875
13 0.496875 0.80546875 0.11875 0.0921875
13 0.61875 0.7875 0.115625 0.075
3 0.71796875 0.85625 0.11875 0.109375
3 0.32578125 0.634375 0.134375 0.09375
3 0.521875 0.63125 0.14375 0.115625
3 0.6625 0.64140625 0.1375 0.0953125
16 0.759375 0.6265625 0.10625 0.071875
16 0.65078125 0.58046875 0.09375 0.0640625
16 0.59296875 0.60625 0.08125 0.059375
5 0.1875 0.86953125 0.1546875 0.2078125
5 0.084375 0.93046875 0.16875 0.1390625
5 0.21875 0.5359375 0.175 0.159375
5 0.42578125 0.33359375 0.0984375 0.0484375
7 0.415625 0.53671875 0.340625 0.0796875