142 0.39609375 0.609375 0.0984375 0.15859375
142 0.51328125 0.11640625 0.11796875 0.128125
142 0.50390625 0.76875 0.1671875 0.14453125
142 0.15703125 0.403125 0.12578125 0.1171875
142 0.74375 0.67109375 0.1015625 0.16640625
142 0.1375 0.14921875 0.19453125 0.15
142 0.178125 0.52421875 0.11640625 0.1203125
142 0.44609375 0.4796875 0.12890625 0.11171875
142 0.89296875 0.1109375 0.12734375 0.11171875
142 0.17265625 0.86328125 0.17421875 0.0875
142 0.66328125 0.33046875 0.0578125 0.20234375
142 0.30546875 0.39375 0.1453125 0.0765625
142 0.21484375 0.62578125 0.15234375 0.0875
142 0.3828125 0.878125 0.16875 0.08984375
142 0.52421875 0.92734375 0.09609375 0.14453125