42 0.825 0.1828125 0.28984375 0.30390625
42 0.5125 0.13984375 0.27421875 0.2078125
42 0.415625 0.83515625 0.309375 0.228125
42 0.78046875 0.81015625 0.3765625 0.2203125
42 0.19375 0.15859375 0.28984375 0.27109375
42 0.48359375 0.11796875 0.215625 0.16953125
42 0.54765625 0.1640625 0.209375 0.16484375
42 0.83828125 0.1890625 0.14765625 0.3
42 0.18671875 0.503125 0.30234375 0.2546875
42 0.5484375 0.46796875 0.36640625 0.40703125
42 0.84296875 0.5046875 0.2125 0.21171875
42 0.1421875 0.82734375 0.22265625 0.2390625
42 0.4328125 0.85859375 0.26953125 0.1921875
42 0.6515625 0.815625 0.11953125 0.22578125