2 0.46328125 0.84921875 0.1171875 0.21015625
2 0.61953125 0.85078125 0.103125 0.18828125
2 0.55 0.71484375 0.10078125 0.17890625
2 0.6 0.59375 0.08984375 0.15390625
2 0.51015625 0.56484375 0.09921875 0.171875
2 0.44453125 0.69765625 0.1015625 0.1640625
2 0.315625 0.40234375 0.09765625 0.17109375
2 0.3765625 0.5515625 0.0828125 0.14453125
2 0.2640625 0.6140625 0.10703125 0.1765625
2 0.25234375 0.5109375 0.10703125 0.1578125
2 0.1859375 0.59609375 0.06796875 0.20078125
2 0.24921875 0.346875 0.1078125 0.1421875
2 0.38515625 0.3671875 0.08515625 0.14140625