2 0.14296875 0.70625 0.190625 0.290625
2 0.34296875 0.60859375 0.17734375 0.2625
2 0.3875 0.92265625 0.190625 0.1546875
2 0.73828125 0.8171875 0.1921875 0.28125
2 0.921875 0.56328125 0.15625 0.21171875
2 0.72265625 0.5453125 0.18046875 0.19296875
2 0.2015625 0.36875 0.16953125 0.27578125
2 0.409375 0.37109375 0.18359375 0.26171875
2 0.51328125 0.48984375 0.19453125 0.2515625
2 0.49609375 0.24765625 0.16953125 0.23671875
2 0.24765625 0.1625 0.1328125 0.19140625
2 0.59609375 0.35625 0.15703125 0.209375