2 0.53828125 0.503125 0.18359375 0.3625
2 0.49296875 0.81796875 0.1828125 0.3640625
2 0.66953125 0.76875 0.1921875 0.3171875
2 0.3546875 0.58046875 0.1875 0.35859375
2 0.1515625 0.66875 0.2171875 0.40234375
2 0.11484375 0.44609375 0.19453125 0.3171875
2 0.27265625 0.2546875 0.21796875 0.37109375
2 0.48671875 0.23671875 0.18203125 0.26796875
2 0.75625 0.20546875 0.15078125 0.26328125
2 0.8546875 0.48125 0.1875 0.33359375
2 0.87578125 0.8125 0.19765625 0.35
2 0.08046875 0.90703125 0.1609375 0.1859375
2 0.90625 0.2953125 0.146875 0.26953125