2 0.4703125 0.634375 0.25234375 0.259375
2 0.6625 0.7984375 0.27890625 0.29375
2 0.93515625 0.73203125 0.1296875 0.28046875
2 0.8078125 0.9453125 0.33203125 0.109375
2 0.309375 0.90859375 0.26875 0.1828125
2 0.07890625 0.7640625 0.1578125 0.24453125
2 0.28828125 0.7078125 0.2171875 0.225
2 0.09921875 0.92265625 0.1984375 0.1546875
2 0.09296875 0.534375 0.1859375 0.246875
2 0.70625 0.5828125 0.234375 0.2265625
2 0.94375 0.4875 0.1125 0.2015625
2 0.77734375 0.45546875 0.215625 0.19921875
2 0.6 0.48046875 0.1546875 0.146875
2 0.4234375 0.5140625 0.20234375 0.1484375
2 0.175 0.33671875 0.18046875 0.19140625
2 0.22265625 0.5796875 0.18671875 0.190625
2 0.48515625 0.37421875 0.18046875 0.165625
2 0.65703125 0.2984375 0.1859375 0.1875
2 0.83515625 0.2828125 0.15703125 0.16953125
2 0.95546875 0.296875 0.0890625 0.196875
2 0.2234375 0.11484375 0.2078125 0.1796875
2 0.471875 0.12578125 0.15625 0.16015625
2 0.63125 0.15234375 0.1484375 0.15
2 0.79453125 0.14140625 0.184375 0.1765625
2 0.94921875 0.15 0.1015625 0.1578125
2 0.3234375 0.25859375 0.1765625 0.1765625
2 0.32109375 0.42109375 0.171875 0.15546875
2 0.05078125 0.325 0.1015625 0.2
2 0.67421875 0.0546875 0.1734375 0.109375
2 0.390625 0.05390625 0.159375 0.1078125