2 0.115625 0.6125 0.16953125 0.23125
2 0.3125 0.42890625 0.14921875 0.21796875
2 0.378125 0.60625 0.16171875 0.21640625
2 0.42421875 0.76796875 0.1578125 0.2328125
2 0.54765625 0.5140625 0.1453125 0.20234375
2 0.815625 0.49453125 0.17109375 0.21796875
2 0.93984375 0.3328125 0.11953125 0.2078125
2 0.79921875 0.1953125 0.1546875 0.21328125
2 0.70625 0.86171875 0.15078125 0.209375
2 0.8390625 0.75390625 0.14921875 0.25
2 0.59140625 0.72734375 0.1390625 0.22578125
2 0.31171875 0.1921875 0.1390625 0.19296875
2 0.44140625 0.16875 0.12421875 0.16953125
2 0.51796875 0.32265625 0.13515625 0.1765625