2 0.359375 0.4703125 0.125 0.209375
2 0.43984375 0.67734375 0.121875 0.19609375
2 0.33203125 0.91484375 0.103125 0.1703125
2 0.0859375 0.9375 0.153125 0.12421875
2 0.5796875 0.18984375 0.11484375 0.21796875
2 0.64296875 0.60078125 0.11328125 0.22265625
2 0.71796875 0.71484375 0.11171875 0.2234375
2 0.79453125 0.81796875 0.11484375 0.20390625
2 0.51875 0.54375 0.10625 0.234375
2 0.484375 0.2390625 0.11484375 0.221875
2 0.203125 0.196875 0.128125 0.19296875
2 0.5765625 0.79765625 0.11953125 0.16171875
2 0.78125 0.44375 0.12109375 0.23125