159 0.21171875 0.72421875 0.31484375 0.34140625
159 0.53984375 0.8015625 0.30859375 0.3296875
159 0.62421875 0.91953125 0.3234375 0.1609375
159 0.79375 0.59296875 0.28359375 0.42265625
159 0.57578125 0.54765625 0.303125 0.40859375
159 0.70390625 0.20234375 0.3015625 0.4015625
159 0.8734375 0.21640625 0.253125 0.3734375
159 0.36171875 0.3328125 0.28046875 0.42578125
159 0.14296875 0.515625 0.2859375 0.38203125
159 0.159375 0.2625 0.2671875 0.425
159 0.5078125 0.1140625 0.19140625 0.228125
159 0.296875 0.07890625 0.23125 0.1578125