159 0.634375 0.5421875 0.31328125 0.565625
159 0.87109375 0.75 0.2578125 0.5
159 0.6625 0.91171875 0.3203125 0.1765625
159 0.390625 0.7640625 0.321875 0.471875
159 0.12109375 0.7921875 0.2421875 0.415625
159 0.0703125 0.41640625 0.140625 0.5234375
159 0.09140625 0.0984375 0.1828125 0.196875
159 0.34375 0.26015625 0.2984375 0.5171875
159 0.2109375 0.56796875 0.22421875 0.33984375
159 0.62421875 0.18515625 0.315625 0.3703125
159 0.89140625 0.18359375 0.21640625 0.36640625
159 0.8125 0.478125 0.16171875 0.47109375
159 0.94609375 0.478125 0.10703125 0.23984375