159 0.6515625 0.578125 0.4953125 0.51171875
159 0.41015625 0.7203125 0.11484375 0.21796875
159 0.25546875 0.659375 0.15859375 0.20234375
159 0.2921875 0.84765625 0.1765625 0.20234375
159 0.59765625 0.7859375 0.225 0.275
159 0.4890625 0.209375 0.30625 0.34296875
159 0.70234375 0.3609375 0.50625 0.4265625
159 0.74921875 0.5046875 0.41796875 0.440625
159 0.2671875 0.4703125 0.16171875 0.19765625
159 0.440625 0.571875 0.140625 0.1625
159 0.12734375 0.6890625 0.15625 0.19765625
159 0.35625 0.40078125 0.14453125 0.13359375