159 0.35 0.38203125 0.4859375 0.51328125
159 0.12890625 0.725 0.2578125 0.54921875
159 0.4828125 0.81171875 0.4265625 0.3765625
159 0.84921875 0.8078125 0.2984375 0.384375
159 0.83203125 0.371875 0.20546875 0.23515625
159 0.94921875 0.4640625 0.1015625 0.2640625
159 0.8390625 0.625 0.31328125 0.23359375
159 0.64609375 0.15390625 0.171875 0.2125
159 0.73359375 0.30078125 0.109375 0.15078125
159 0.56640625 0.259375 0.1484375 0.20390625
159 0.87734375 0.1734375 0.1203125 0.1203125
159 0.94609375 0.27109375 0.1078125 0.1328125
159 0.95546875 0.16484375 0.08828125 0.11015625
159 0.76796875 0.15703125 0.09296875 0.1046875
159 0.71796875 0.07734375 0.0921875 0.096875