159 0.4828125 0.6203125 0.346875 0.5515625
159 0.7421875 0.8171875 0.371875 0.365625
159 0.35078125 0.9109375 0.421875 0.178125
159 0.0875 0.775 0.175 0.45
159 0.05546875 0.428125 0.1109375 0.39375
159 0.21796875 0.709375 0.2640625 0.4265625
159 0.3296875 0.31796875 0.3578125 0.51796875
159 0.62421875 0.165625 0.2734375 0.33125
159 0.8296875 0.41953125 0.315625 0.51328125
159 0.92578125 0.16328125 0.14765625 0.31796875
159 0.2671875 0.10078125 0.31015625 0.19140625
159 0.07109375 0.12890625 0.14140625 0.25703125
159 0.4828125 0.09140625 0.140625 0.1828125
159 0.846875 0.10625 0.2125 0.2125
159 0.9390625 0.6921875 0.121875 0.33671875