118 0.1234375 0.30234375 0.13125 0.4484375
118 0.17890625 0.30078125 0.11328125 0.48984375
118 0.25 0.2875 0.08984375 0.48046875
118 0.34765625 0.41484375 0.10546875 0.79609375
118 0.41875 0.1640625 0.06640625 0.328125
118 0.45859375 0.346875 0.07890625 0.52890625
118 0.53671875 0.43671875 0.0875 0.73984375
118 0.609375 0.48046875 0.07578125 0.81796875
118 0.7328125 0.4890625 0.12265625 0.828125
118 0.66875 0.3765625 0.0578125 0.46328125
118 0.86796875 0.51640625 0.16171875 0.759375
118 0.31328125 0.878125 0.321875 0.209375