11 0.1625 0.51328125 0.04140625 0.096875
11 0.178125 0.403125 0.01796875 0.02734375
11 0.2125 0.071875 0.04453125 0.05703125
11 0.33125 0.959375 0.0296875 0.03828125
11 0.4015625 0.36953125 0.1515625 0.225
11 0.45546875 0.90390625 0.01796875 0.03046875
11 0.4703125 0.359375 0.0390625 0.053125
11 0.58828125 0.5765625 0.23125 0.6390625
11 0.678125 0.92265625 0.021875 0.034375
11 0.79453125 0.93203125 0.034375 0.0484375
11 0.934375 0.915625 0.03046875 0.0484375
11 0.9703125 0.896875 0.0578125 0.0859375