68 0.63055555625 0.5634259265625 0.6009259265625 0.50601851875 0.5861111109375 0.48564814843750004 0.58101851875 0.48425925937500003 0.58055555625 0.49305555625 0.5888888890625 0.5023148140625 0.5953703703125 0.5226851859375 0.5990740734375 0.6106481484375 0.615740740625 0.6773148140624999 0.63148148125 0.7162037031249999 0.6509259265625 0.7495370375 0.6763888890625 0.7787037031249999 0.6898148140625 0.784722221875 0.690740740625 0.778240740625 0.6611111109375 0.7189814812499999 0.6388888890625 0.6560185187500001 0.63055555625 0.5634259265625
68 0.4620370375 0.5986111109375 0.4361111109375 0.5393518515625 0.43333333281249997 0.5254629625 0.40648148125 0.48564814843750004 0.39351851875 0.4199074078125 0.3875 0.415740740625 0.3898148140625 0.4578703703125 0.4046296296875 0.5319444437499999 0.43333333281249997 0.6078703703125 0.4675925921875 0.6745370375 0.5074074078125 0.7245370375 0.509259259375 0.715277778125 0.50555555625 0.6986111109375 0.47407407343749997 0.641203703125 0.4620370375 0.5986111109375
68 0.3365740734375 0.5287037031249999 0.3023148140625 0.49629629687500004 0.25601851875000003 0.478703703125 0.240740740625 0.46527777812500004 0.2199074078125 0.4361111109375 0.2138888890625 0.4375 0.2138888890625 0.446759259375 0.25740740781250004 0.49583333281249997 0.275 0.5273148140624999 0.321759259375 0.571296296875 0.3754629625 0.5981481484375 0.43240740781250003 0.608796296875 0.4268518515625 0.5865740734375 0.42083333281249996 0.577777778125 0.3763888890625 0.5574074078125 0.3365740734375 0.5287037031249999
68 0.40555555625000006 0.40231481406249997 0.4129629625 0.39027777812500003 0.425 0.3541666671875 0.42314814843750004 0.3495370375 0.427777778125 0.34861111093749997 0.434259259375 0.3375 0.43009259218749996 0.328703703125 0.4240740734375 0.33194444375 0.41898148125 0.34351851875 0.334259259375 0.42268518593750004 0.3046296296875 0.45694444375 0.284259259375 0.4865740734375 0.2893518515625 0.4916666671875 0.30740740781250003 0.49768518593750005 0.38194444375000003 0.43055555625 0.3861111109375 0.416203703125 0.3958333328125 0.4129629625 0.40555555625000006 0.40231481406249997
68 0.4143518515625 0.340740740625 0.38842592656249997 0.3425925921875 0.36990740781250003 0.352777778125 0.3203703703125 0.40138888906250003 0.29444444375 0.44305555625000004 0.28148148125 0.48194444374999995 0.28148148125 0.4865740734375 0.28611111093749997 0.4865740734375 0.3018518515625 0.4606481484375 0.33148148125 0.4254629625 0.38148148125 0.3791666671875 0.4143518515625 0.340740740625
68 0.6481481484375 0.4986111109375 0.628703703125 0.4606481484375 0.6009259265625 0.42175925937500003 0.5958333328125 0.42314814843750004 0.6018518515625 0.45046296249999995 0.602777778125 0.48379629687500003 0.6138888890625 0.508796296875 0.6425925921875 0.553240740625 0.6638888890625 0.5800925921875 0.68101851875 0.5935185187500001 0.7263888890625 0.6148148140624999 0.746296296875 0.616203703125 0.7458333328125 0.6101851859375 0.7245370375 0.597222221875 0.6888888890625 0.5634259265625 0.6481481484375 0.4986111109375
68 0.7365740734374999 0.5703703703125 0.7101851859375 0.541203703125 0.6703703703125 0.4875 0.641203703125 0.4675925921875 0.6324074078125 0.4513888890625 0.6259259265625 0.4486111109375 0.625 0.45324074062499997 0.634259259375 0.45694444375 0.633796296875 0.46296296249999996 0.627777778125 0.4578703703125 0.627777778125 0.4643518515625 0.6379629625 0.47453703750000004 0.6666666671875 0.528240740625 0.6888888890625 0.5625 0.70694444375 0.58055555625 0.7495370375 0.6101851859375 0.7736111109375 0.6203703703125 0.808796296875 0.627777778125 0.828703703125 0.628240740625 0.8393518515625 0.627777778125 0.840740740625 0.6236111109375 0.778240740625 0.5990740734375 0.7365740734374999 0.5703703703125
68 0.5379629625 0.40231481406249997 0.5421296296875 0.39074074062499997 0.5356481484375 0.3916666671875 0.5203703703125 0.40694444374999994 0.509259259375 0.428240740625 0.50648148125 0.49120370312499995 0.5148148140625 0.5337962968750001 0.5083333328124999 0.5365740734375 0.50555555625 0.5504629624999999 0.50555555625 0.5625 0.5120370375000001 0.58101851875 0.5018518515625 0.5865740734375 0.4981481484375 0.6023148140625 0.497222221875 0.6300925921875 0.502777778125 0.6458333328125 0.5231481484375 0.5949074078125001 0.5388888890625 0.5328703703125 0.5370370375 0.4356481484375 0.5379629625 0.40231481406249997
68 0.5925925921874999 0.5208333328125 0.565277778125 0.46481481406249997 0.5611111109375 0.46898148125 0.5601851859375 0.516203703125 0.5546296296875 0.558796296875 0.5175925921875 0.6893518515625 0.5166666671875 0.7041666671875 0.522222221875 0.7050925921875 0.5546296296875 0.6560185187500001 0.5824074078125 0.5875 0.5925925921874999 0.5523148140624999 0.5925925921874999 0.5208333328125
68 0.534259259375 0.291203703125 0.5740740734374999 0.2236111109375 0.5754629625 0.21574074062499998 0.5666666671875 0.2226851859375 0.5240740734375 0.29305555625 0.4990740734375 0.31805555625 0.48148148125 0.38009259218749997 0.465740740625 0.4125 0.44907407343749994 0.428240740625 0.45046296249999995 0.43240740781250003 0.4611111109375 0.43194444374999996 0.4773148140625 0.425 0.4953703703125 0.40416666718750005 0.5259259265625 0.32453703749999996 0.534259259375 0.291203703125
68 0.5305555562500001 0.3958333328125 0.534259259375 0.384722221875 0.525 0.3550925921875 0.51805555625 0.3453703703125 0.477777778125 0.458796296875 0.477777778125 0.478240740625 0.48425925937500003 0.5013888890625 0.50648148125 0.5319444437499999 0.5148148140625 0.5337962968750001 0.50555555625 0.5013888890625 0.5074074078125 0.440277778125 0.5120370375000001 0.41898148125 0.5305555562500001 0.3958333328125