23 0.057777778125 0.6375 0.061111110937500004 0.6575 0.07666666718750001 0.6825 0.0788888890625 0.7025 0.097777778125 0.7508333328125001 0.11055555624999999 0.7733333328125 0.1316666671875 0.7849999999999999 0.1583333328125 0.82 0.18055555625 0.8283333328125 0.1988888890625 0.8074999999999999 0.20444444375 0.7525000000000001 0.2211111109375 0.7341666671875 0.23777777812499998 0.6775 0.2366666671875 0.6625 0.22444444375 0.6475 0.22444444375 0.6008333328125001 0.21777777812500002 0.5758333328125 0.21555555625 0.5041666671875 0.23555555625000002 0.47583333281250006 0.262222221875 0.4125 0.28555555625 0.3791666671875 0.287777778125 0.34750000000000003 0.28444444375 0.3308333328125 0.25166666718749997 0.29 0.21277777812499998 0.2666666671875 0.197222221875 0.24333333281249997 0.1761111109375 0.2416666671875 0.1616666671875 0.22833333281249998 0.13055555624999998 0.2166666671875 0.117222221875 0.21833333281249998 0.08499999999999999 0.2383333328125 0.06555555625000001 0.32083333281250004 0.067777778125 0.36583333281249997 0.05444444375 0.3875 0.042222221875 0.44749999999999995 0.045555556250000004 0.4791666671875 0.0333333328125 0.5125 0.0333333328125 0.5658333328125 0.05444444375 0.5891666671875 0.0466666671875 0.6125 0.057777778125 0.6375
23 0.51055555625 0.2983333328125 0.5261111109375001 0.2966666671875 0.5383333328125001 0.2866666671875 0.5722222218749999 0.2241666671875 0.56555555625 0.17250000000000001 0.55055555625 0.1533333328125 0.5416666671875 0.16499999999999998 0.52944444375 0.1566666671875 0.49944444375 0.1516666671875 0.4916666671875 0.1566666671875 0.48111111093750003 0.17250000000000001 0.48111111093750003 0.19083333281249998 0.4711111109375 0.2141666671875 0.4711111109375 0.2325 0.48555555625 0.2525 0.49000000000000005 0.27749999999999997 0.51055555625 0.2983333328125
23 0.5538888890625 0.4216666671875 0.57555555625 0.40083333281250005 0.577777778125 0.3725 0.5694444437499999 0.2983333328125 0.547222221875 0.28500000000000003 0.507222221875 0.30333333281249997 0.49944444375 0.3 0.487777778125 0.32083333281250004 0.48666666718749996 0.3541666671875 0.4911111109375 0.3858333328125 0.5038888890625 0.41500000000000004 0.5538888890625 0.4216666671875
23 0.4583333328125 0.41 0.467222221875 0.4233333328125 0.485 0.41500000000000004 0.492222221875 0.39416666718750004 0.48111111093750003 0.31916666718750003 0.4711111109375 0.2958333328125 0.43166666718749996 0.24666666718750002 0.4038888890625 0.24 0.39388888906249997 0.2416666671875 0.3888888890625 0.2508333328125 0.39 0.3391666671875 0.42833333281249997 0.37666666718749997 0.44166666718750003 0.4016666671875 0.4583333328125 0.41
23 0.3633333328125 0.4525 0.37444444374999997 0.43583333281250003 0.38444444375 0.39249999999999996 0.37055555625 0.3333333328125 0.34944444375 0.335 0.3266666671875 0.35750000000000004 0.32 0.3758333328125 0.31555555625 0.4341666671875 0.3138888890625 0.51 0.327222221875 0.505 0.36444444374999996 0.47083333281249995 0.3633333328125 0.4525
23 0.385 0.5266666671875 0.38944444375 0.5283333328125 0.397222221875 0.5166666671875 0.4161111109375 0.5366666671875 0.4483333328125 0.5533333328125 0.4583333328125 0.5433333328125001 0.5061111109375 0.5466666671875 0.5177777781249999 0.5375 0.5133333328125 0.5175 0.4711111109375 0.45416666718750004 0.45999999999999996 0.41916666718749995 0.445 0.4066666671875 0.43055555625 0.4033333328125 0.3983333328125 0.42000000000000004 0.377222221875 0.43333333281249997 0.36666666718749996 0.44749999999999995 0.3633333328125 0.4625 0.3711111109375 0.4841666671875 0.37333333281250003 0.5091666671875 0.385 0.5266666671875
23 0.5788888890624999 0.4641666671875 0.5716666671875 0.43 0.54055555625 0.43166666718749996 0.5038888890625 0.4583333328125 0.492222221875 0.47750000000000004 0.49444444374999996 0.4891666671875 0.5305555562500001 0.5416666671875 0.57555555625 0.4891666671875 0.5788888890624999 0.4641666671875
23 0.4188888890625 0.5408333328125 0.397222221875 0.5183333328125 0.387222221875 0.53 0.36833333281249997 0.5083333328124999 0.342222221875 0.5575 0.3266666671875 0.5941666671875 0.3283333328125 0.6016666671875 0.39277777812500003 0.615 0.4188888890625 0.5408333328125
23 0.5183333328125 0.6583333328125 0.5333333328125 0.6425 0.53444444375 0.6341666671875 0.5255555562499999 0.6224999999999999 0.5116666671875 0.55 0.46611111093749996 0.545 0.45222222187499994 0.5491666671875 0.4533333328125 0.6125 0.462222221875 0.6325000000000001 0.48722222187500003 0.6633333328125001 0.5183333328125 0.6583333328125
23 0.5561111109375 0.7583333328124999 0.5966666671875 0.7141666671875 0.597777778125 0.6958333328124999 0.6088888890625 0.6591666671875 0.57944444375 0.6116666671875 0.5516666671875 0.5966666671875 0.5316666671875 0.6033333328125 0.527777778125 0.6224999999999999 0.53444444375 0.6325000000000001 0.53444444375 0.6425 0.5033333328125 0.6691666671875 0.5011111109375 0.6841666671875 0.5255555562499999 0.7358333328125 0.5427777781249999 0.7533333328125 0.5561111109375 0.7583333328124999
23 0.425 0.745 0.445 0.73 0.4911111109375 0.6775 0.4911111109375 0.6658333328125 0.4561111109375 0.62 0.39944444375 0.6683333328125001 0.38555555625000004 0.6908333328125 0.4011111109375 0.7275 0.41500000000000004 0.745 0.425 0.745
23 0.41 0.7458333328125 0.38555555625000004 0.6941666671875 0.4 0.6658333328125 0.385 0.6433333328125 0.377222221875 0.6433333328125 0.3583333328125 0.655 0.34888888906250004 0.6775 0.347777778125 0.7158333328125 0.36944444375 0.755 0.39388888906249997 0.7816666671875 0.41 0.7458333328125
23 0.46388888906250003 0.8366666671875 0.477777778125 0.8191666671875 0.4911111109375 0.7858333328125 0.49555555625 0.7358333328125 0.485 0.7150000000000001 0.4683333328125 0.7116666671874999 0.425 0.7466666671875 0.41166666718749995 0.7483333328125 0.4011111109375 0.7641666671875 0.3866666671875 0.8074999999999999 0.3883333328125 0.8233333328124999 0.407222221875 0.835 0.432777778125 0.8400000000000001 0.46388888906250003 0.8366666671875