22 0.31875 0.16796875 0.24296875 0.2203125
22 0.48203125 0.40546875 0.24140625 0.225
22 0.1890625 0.45703125 0.24375 0.2328125
22 0.0734375 0.22578125 0.146875 0.21484375
22 0.084375 0.75859375 0.16875 0.2203125
22 0.34609375 0.70078125 0.25234375 0.2203125
22 0.65 0.63984375 0.23828125 0.20703125
22 0.77109375 0.34609375 0.2390625 0.221875
22 0.61171875 0.11171875 0.24453125 0.21171875
22 0.5109375 0.90859375 0.24375 0.1828125
22 0.8171875 0.8734375 0.2359375 0.20859375
22 0.9125 0.5875 0.175 0.22421875