22 0.64609375 0.39609375 0.28046875 0.33203125
22 0.875 0.46796875 0.2421875 0.4203125
22 0.7515625 0.7453125 0.41484375 0.509375
22 0.18203125 0.703125 0.3640625 0.27734375
22 0.15703125 0.50390625 0.3140625 0.24296875
22 0.396875 0.334375 0.2578125 0.36171875
22 0.20703125 0.21796875 0.1890625 0.2171875
22 0.9453125 0.1390625 0.109375 0.23515625
22 0.671875 0.2734375 0.3578125 0.3203125
22 0.5109375 0.928125 0.309375 0.14375
22 0.5421875 0.590625 0.19765625 0.203125
22 0.45703125 0.6140625 0.1875 0.2625
22 0.45859375 0.74453125 0.2703125 0.15390625