22 0.42578125 0.80859375 0.3875 0.3828125
22 0.20859375 0.88359375 0.4140625 0.2328125
22 0.096875 0.76484375 0.19296875 0.32578125
22 0.196875 0.65078125 0.16015625 0.2890625
22 0.3109375 0.5765625 0.12578125 0.2078125
22 0.55703125 0.675 0.2421875 0.32265625
22 0.634375 0.58125 0.18046875 0.24375
22 0.7296875 0.4109375 0.12109375 0.2078125
22 0.62890625 0.421875 0.10234375 0.1515625
22 0.53046875 0.3796875 0.0890625 0.125
22 0.38359375 0.51171875 0.19375 0.22421875
22 0.16953125 0.48359375 0.171875 0.20390625
22 0.0734375 0.5484375 0.146875 0.20703125