22 0.37421875 0.2546875 0.1875 0.47265625
22 0.61953125 0.40703125 0.309375 0.50234375
22 0.5421875 0.83671875 0.2421875 0.32578125
22 0.3828125 0.753125 0.19296875 0.43359375
22 0.91640625 0.1703125 0.1671875 0.340625
22 0.78515625 0.63515625 0.24921875 0.4625
22 0.90390625 0.86953125 0.1921875 0.2578125
22 0.10390625 0.5765625 0.2078125 0.40859375
22 0.2625 0.628125 0.2046875 0.4375
22 0.11640625 0.11640625 0.1828125 0.2328125
22 0.25078125 0.23515625 0.13515625 0.4171875
22 0.1890625 0.815625 0.19296875 0.36875