37 0.4267578125 0.9172767203125 0.4287109375 0.9114202046875001 0.4248046875 0.8982430453125 0.4140625 0.88799414375 0.404296875 0.8484626640625 0.3837890625 0.8103953140625 0.326171875 0.6303074671875 0.20068359375 0.427525621875 0.18408203125 0.4099560765625 0.16162109375 0.3733528546875 0.15478515625 0.3674963390625 0.14111328125 0.3733528546875 0.103515625 0.41947291406250004 0.099609375 0.43411420156249997 0.1025390625 0.44729136093750005 0.19677734375 0.568081990625 0.255859375 0.6610541734375001 0.333984375 0.823572475 0.38671875 0.98316251875 0.4111328125 0.9860907765625001 0.43603515625 0.9677891656250001 0.4404296875 0.9465592968750001 0.4326171875 0.9231332359375 0.4267578125 0.9172767203125
37 0.2822265625 0.182284040625 0.27490234375 0.1683748171875 0.23681640625 0.1800878484375 0.2314453125 0.18814055624999998 0.232421875 0.20131771562499998 0.248046875 0.2950219625 0.3115234375 0.5761347 0.3212890625 0.5995607609375 0.3525390625 0.71669106875 0.3896484375 0.8250366031249999 0.39697265625 0.8374816984375 0.4052734375 0.8411420203125 0.43994140625 0.8140556374999999 0.4423828125 0.7972181546875 0.353515625 0.4765739390625 0.2822265625 0.182284040625
37 0.583984375 0.117862371875 0.58056640625 0.1112737921875 0.51513671875 0.12152269375 0.498046875 0.1339677890625 0.5009765625 0.23060029218749997 0.4970703125 0.3125915078125 0.4990234375 0.54538799375 0.4951171875 0.8089311859375 0.50244140625 0.8301610546875 0.5400390625 0.8352855046875 0.5498046875 0.8206442171875 0.560546875 0.48389458281250003 0.58203125 0.21303074687499998 0.583984375 0.117862371875
37 0.4921875 0.5278184484375 0.486328125 0.498535871875 0.478515625 0.37847730625 0.455078125 0.21742313281249998 0.45166015625 0.209370425 0.40283203125 0.21229868281250003 0.3984375 0.2232796484375 0.416015625 0.3491947296875 0.4345703125 0.54538799375 0.4443359375 0.8030746703125 0.4443359375 0.9055636890625 0.44873046875 0.9150805265624999 0.4609375 0.9158125921875 0.48681640625 0.8945827234375001 0.494140625 0.870424596875 0.4951171875 0.5834553437500001 0.4921875 0.5278184484375
37 0.625 0.3433382140625 0.619140625 0.31698389531250004 0.59912109375 0.2825768671875 0.58154296875 0.279648609375 0.576171875 0.28770131718749997 0.56640625 0.40483162500000003 0.556640625 0.7181551984375 0.537109375 0.9582723281250001 0.54150390625 0.9677891656250001 0.55029296875 0.9721815515625 0.634765625 0.972913615625 0.6396484375 0.9626647140625 0.6396484375 0.851390921875 0.626953125 0.5366032203125 0.625 0.3433382140625
37 0.7294921875 0.3828696921875 0.7294921875 0.3184480234375 0.72509765625 0.3001464125 0.69482421875 0.28843338281249997 0.68017578125 0.2913616390625 0.671875 0.303806734375 0.666015625 0.50732064375 0.6416015625 0.785505125 0.640625 0.920204978125 0.642578125 0.9582723281250001 0.65478515625 0.9853587109375 0.70703125 0.9875549046875 0.7119140625 0.98316251875 0.7158203125 0.9333821375 0.716796875 0.6171303078125 0.7294921875 0.3828696921875
37 0.8837890625 0.3360175703125 0.88134765625 0.323572475 0.83935546875 0.3016105421875 0.82666015625 0.30600292812499996 0.81640625 0.3243045390625 0.7900390625 0.45021961875 0.7412109375 0.882137628125 0.7431640625 0.9348462671875 0.75390625 0.9758418734375001 0.76123046875 0.9868228406249999 0.7939453125 0.9875549046875 0.8017578125 0.98316251875 0.80859375 0.8601756953124999 0.84375 0.54538799375 0.8837890625 0.3360175703125
37 0.1591796875 0.2818448015625 0.14208984375 0.237188871875 0.12451171875 0.2386530015625 0.115234375 0.251098096875 0.123046875 0.37847730625 0.126953125 0.38726207968750004 0.15185546875 0.3660322109375 0.16552734375 0.3777452421875 0.169921875 0.3711566625 0.1591796875 0.2818448015625
37 0.1826171875 0.5527086390625 0.13232421875 0.4875549046875 0.1318359375 0.7079062953124999 0.1220703125 0.9245973640624999 0.13671875 0.92606149375 0.17431640625 0.918008784375 0.18359375 0.9070278187499999 0.1904296875 0.7181551984375 0.1826171875 0.5527086390625
37 0.37890625 0.35797950156249997 0.345703125 0.18814055624999998 0.33544921875 0.16398242968750001 0.32470703125 0.16398242968750001 0.30322265625 0.177159590625 0.3017578125 0.1954612 0.3330078125 0.37847730625 0.353515625 0.47364568125 0.4248046875 0.7269399703125 0.4267578125 0.71669106875 0.4208984375 0.65959004375 0.408203125 0.596632503125 0.37890625 0.35797950156249997
37 0.2421875 0.2803806734375 0.236328125 0.2349926796875 0.20166015625 0.23572474375 0.19287109375 0.248901903125 0.17529296875 0.25329429062500003 0.1650390625 0.2730600296875 0.1650390625 0.3067349921875 0.173828125 0.3887262078125 0.2021484375 0.4267935578125 0.24853515625 0.5051244515625 0.2880859375 0.5556368953125 0.291015625 0.54538799375 0.2744140625 0.4590043921875 0.271484375 0.41215226875 0.2421875 0.2803806734375
37 0.30419921875 0.846266471875 0.29833984375 0.846266471875 0.29345703125 0.8330893125 0.2783203125 0.8206442171875 0.2529296875 0.65959004375 0.216796875 0.5995607609375 0.19287109375 0.5695461203125001 0.1875 0.5761347 0.1865234375 0.6098096625 0.19140625 0.7708638359375 0.2548828125 0.9158125921875 0.28857421875 0.9487554906250001 0.306640625 0.9538799421874999 0.3349609375 0.9040995609375001 0.31884765625 0.8770131765625001 0.3056640625 0.8645680812500001 0.30419921875 0.846266471875