24 0.778125 0.27265625 0.23984375 0.284375
24 0.75 0.5609375 0.1484375 0.24921875
24 0.48984375 0.459375 0.1625 0.221875
24 0.578125 0.20390625 0.18359375 0.2640625
24 0.41640625 0.26640625 0.1484375 0.14375
24 0.26328125 0.26328125 0.1953125 0.1734375
24 0.23046875 0.53515625 0.1828125 0.2625
24 0.06484375 0.23828125 0.1296875 0.19609375
24 0.05078125 0.53515625 0.1015625 0.31171875
24 0.16953125 0.8140625 0.190625 0.23359375
24 0.59375 0.68125 0.15390625 0.1953125
24 0.3984375 0.6765625 0.14921875 0.17578125
24 0.4375 0.89375 0.17109375 0.2125
24 0.69921875 0.8796875 0.2140625 0.240625
24 0.9078125 0.91171875 0.16484375 0.1765625
24 0.9171875 0.521875 0.15234375 0.225