126 0.45899999999999996 0.4438483546875 0.45 0.40092990000000006 0.437 0.3630185984375 0.43200000000000005 0.338698140625 0.4205 0.30007153125 0.41050000000000003 0.24356223125 0.4035 0.17989985625 0.387 0.1233905578125 0.381 0.1069384828125 0.37675000000000003 0.1015736765625 0.3755 0.13125894062500001 0.38 0.174177396875 0.382 0.2464234625 0.394 0.32081545 0.421 0.425965665625 0.44400000000000006 0.4910586546875 0.45875000000000005 0.5193133046875 0.46799999999999997 0.52181688125 0.46749999999999997 0.533261803125 0.4795 0.5540057218750001 0.48250000000000004 0.5497138765625 0.477 0.5039341921875 0.4655 0.46030042968749996 0.45899999999999996 0.4438483546875
126 0.46699999999999997 0.281473534375 0.46275000000000005 0.2775393421875 0.45925000000000005 0.2825464953125 0.45375 0.2811158796875 0.454 0.2757510734375 0.449 0.2643061515625 0.44525 0.26180257500000004 0.43975 0.2510729609375 0.43525 0.24892703906250002 0.43550000000000005 0.258583690625 0.4445 0.2628755359375 0.44325000000000003 0.2675250359375 0.43899999999999995 0.2678826890625 0.43949999999999995 0.2829041484375 0.43600000000000005 0.30579399218750003 0.45149999999999996 0.40522174531250005 0.471 0.47317596562500003 0.47874999999999995 0.48497854062499995 0.4875 0.48819742499999996 0.49050000000000005 0.4824749640625 0.493 0.45886981406249994 0.479 0.325822603125 0.46699999999999997 0.281473534375
126 0.5225 0.3029327609375 0.519 0.2643061515625 0.519 0.21065808281249998 0.5165 0.19992846875 0.51325 0.195994278125 0.502 0.21208869843749997 0.49400000000000005 0.2442775390625 0.49050000000000005 0.26716738125 0.48949999999999994 0.315092990625 0.499 0.3837625171875 0.5025000000000001 0.39091559375 0.512 0.4273962796875 0.518 0.433118740625 0.5245 0.449570815625 0.525 0.5289699578125 0.52575 0.5343347640625 0.53 0.5346924171875 0.5345 0.43812589375 0.5415 0.415951359375 0.5425 0.3952074390625 0.5225 0.3029327609375
126 0.572 0.3580114453125 0.5595 0.29005722500000003 0.55 0.2521459234375 0.5475 0.22496423437500002 0.5395 0.1856223171875 0.528 0.15701001406249998 0.52175 0.1516452078125 0.5269999999999999 0.21566523593750003 0.528 0.2643061515625 0.5465 0.3344062953125 0.55 0.415951359375 0.549 0.456723890625 0.554 0.486766809375 0.5545 0.52181688125 0.5575 0.5296852640624999 0.561 0.5182403437499999 0.561 0.486766809375 0.5705 0.449570815625 0.572 0.3580114453125
126 0.626 0.338698140625 0.6355000000000001 0.318669528125 0.6559999999999999 0.28433476406249997 0.68525 0.24606580781249998 0.70225 0.23247496406249998 0.71825 0.229613734375 0.72025 0.22460658125 0.70125 0.216738196875 0.6872499999999999 0.21888412031249999 0.67825 0.22389127343749998 0.65625 0.24606580781249998 0.6255 0.288626609375 0.608 0.3301144484375 0.5885 0.3880543640625 0.585 0.412374821875 0.5735 0.443133046875 0.562 0.483190271875 0.562 0.49391988593749997 0.5650000000000001 0.49821173124999996 0.5815 0.44027181718749997 0.593 0.41523605156250004 0.6054999999999999 0.39806866875 0.626 0.338698140625
126 0.70775 0.4606580828125 0.7382500000000001 0.44992846875000003 0.7537499999999999 0.44921316093749997 0.77675 0.436337625 0.79325 0.4320457796875 0.796 0.425965665625 0.76125 0.40414878437499996 0.74475 0.4005722453125 0.71375 0.40271816875 0.67875 0.41201716718750003 0.64625 0.43133047187500007 0.63225 0.4434907015625 0.605 0.4738912734375 0.604 0.4774678109375 0.60625 0.48140200312500003 0.6125 0.48175965625000006 0.62175 0.48068669531249997 0.65525 0.46566523593750003 0.67475 0.4606580828125 0.70775 0.4606580828125
126 0.6315000000000001 0.65629470625 0.6224999999999999 0.631258940625 0.6085 0.6119456359375001 0.6035 0.59263233125 0.6045 0.5683118734375 0.6105 0.5411301859375001 0.616 0.5289699578125 0.616 0.5246781109375 0.61425 0.5243204578125 0.61175 0.525035765625 0.608 0.5325464953125 0.5974999999999999 0.5761802578124999 0.5980000000000001 0.6183834046875 0.5945 0.6448497859375 0.595 0.66917024375 0.601 0.7035050078125 0.614 0.7421316171875 0.6395 0.8043633765625 0.6435 0.805078684375 0.6475 0.7972102999999999 0.6505 0.7693133046875 0.638 0.6827610875000001 0.6315000000000001 0.65629470625
126 0.7245 0.60550786875 0.718 0.5726037203125001 0.713 0.556866953125 0.6975 0.5261087265625 0.68825 0.515021459375 0.68075 0.5121602281250001 0.6785 0.5153791125 0.6769999999999999 0.5268240343749999 0.6775 0.5511444921875001 0.6875 0.6112303296875 0.705 0.6570100140624999 0.7184999999999999 0.6798998562499999 0.7295 0.718526465625 0.735 0.721387696875 0.7365 0.718526465625 0.726 0.67918455 0.7235 0.641273246875 0.7245 0.60550786875
126 0.5775 0.6255364812499999 0.5725 0.6047925609375 0.5665 0.590486409375 0.5435 0.5561516453124999 0.5435 0.543276109375 0.546 0.5325464953125 0.54475 0.5293276109375 0.54075 0.528612303125 0.5365 0.54542203125 0.5355000000000001 0.5697424890625 0.5335 0.5776108734375 0.5385 0.6255364812499999 0.554 0.7085121609375 0.5635 0.7371244640625 0.5695 0.748569384375 0.5735 0.751430615625 0.579 0.7407010015625 0.583 0.7163805437499999 0.5825 0.686337625 0.5775 0.6255364812499999
126 0.5715 0.7535765375000001 0.5509999999999999 0.718526465625 0.5377500000000001 0.70100143125 0.52725 0.693133046875 0.5065000000000001 0.6548640921875 0.50325 0.655937053125 0.5035000000000001 0.6634477828125 0.5205 0.69992846875 0.5215 0.72353361875 0.5275000000000001 0.7507153078125001 0.5395 0.7807582265625 0.56425 0.8311874109374999 0.58025 0.8505007156250001 0.58825 0.8562231765625 0.5934999999999999 0.8565808296874999 0.597 0.8522889843750001 0.595 0.825822603125 0.587 0.7929184546875 0.5715 0.7535765375000001
126 0.502 0.6570100140624999 0.507 0.6434191703125001 0.5115000000000001 0.6062231765625 0.51 0.5912017171875 0.5005 0.5661659515624999 0.49850000000000005 0.550429184375 0.509 0.5361230328125 0.51 0.533261803125 0.5077499999999999 0.53004291875 0.49175 0.5414878390625 0.48925 0.5472102999999999 0.47675 0.5586552218749999 0.45575 0.5715307578125 0.43975 0.5901287546875 0.414 0.627682403125 0.3735 0.69635193125 0.35675 0.719599428125 0.34125 0.7360515015625 0.31725 0.75536480625 0.27749999999999997 0.7621602281250001 0.28425 0.7696709578125 0.29325 0.7739628046875 0.29474999999999996 0.7811158796875 0.32575 0.7789699578125 0.34775 0.770386265625 0.37725 0.74463519375 0.43550000000000005 0.6598712453125 0.47350000000000003 0.591917025 0.4805 0.570457796875 0.48224999999999996 0.5679542203125 0.4875 0.5697424890625 0.4885 0.560443490625 0.49124999999999996 0.5557939921874999 0.49400000000000005 0.560443490625 0.49450000000000005 0.5747496421875 0.492 0.582618025 0.4915 0.6169527890625 0.4875 0.63626609375 0.46950000000000003 0.684907009375 0.453 0.7192417734375 0.43949999999999995 0.741416309375 0.43150000000000005 0.7635908437500001 0.42750000000000005 0.7929184546875 0.43200000000000005 0.7943490703125 0.4525 0.7542918453125 0.47400000000000003 0.7242489265625001 0.5015 0.6684549359374999 0.502 0.6570100140624999
126 0.45875000000000005 0.521459228125 0.42575 0.5379113015625 0.4225 0.5497138765625 0.42400000000000004 0.5561516453124999 0.43425 0.5436337625000001 0.45925000000000005 0.531473534375 0.4665 0.52181688125 0.45875000000000005 0.521459228125
126 0.40075000000000005 0.5879828328125 0.41150000000000003 0.5718884125 0.417 0.543276109375 0.40374999999999994 0.5429184546875 0.36875 0.572246065625 0.34475 0.5879828328125 0.29775 0.6072961375 0.21575000000000003 0.6080114453125 0.19675 0.5979971390625 0.193 0.600500715625 0.20175 0.6180257515625 0.21675 0.6309012875 0.25225 0.6430615171875 0.286 0.6462804 0.32975 0.6387696703125 0.35825 0.6230329046875 0.38625 0.602288984375 0.40075000000000005 0.5879828328125
126 0.38075000000000003 0.68097281875 0.409 0.6355507874999999 0.4185 0.6062231765625 0.4205 0.5647353359375 0.4245 0.5396995703125 0.42374999999999996 0.531473534375 0.41950000000000004 0.5339771109375 0.4125 0.5683118734375 0.40549999999999997 0.582618025 0.395 0.5954935625 0.3935 0.6012160234375 0.3685 0.63626609375 0.313 0.72353361875 0.301 0.751430615625 0.30225 0.7567954218749999 0.3055 0.75643776875 0.32525 0.7489270390625 0.33675 0.738197425 0.36825 0.6938483546875001 0.38075000000000003 0.68097281875
126 0.32175 0.5143061515625 0.32575 0.515021459375 0.3365 0.49034334687500003 0.34125 0.48497854062499995 0.35825 0.48068669531249997 0.37675000000000003 0.48140200312500003 0.378 0.47603719531250005 0.37575 0.4728183125 0.36875 0.47138769687500004 0.33375 0.47496423437499996 0.31625000000000003 0.46494992812499997 0.29025 0.46566523593750003 0.26575000000000004 0.4756795421875 0.23525000000000001 0.5007153078125001 0.20800000000000002 0.5411301859375001 0.20350000000000001 0.5540057218750001 0.20350000000000001 0.56187410625 0.20875 0.5679542203125 0.22000000000000003 0.56902718125 0.23675000000000002 0.5643776828125 0.27875 0.5407725328125 0.30975 0.528612303125 0.32175 0.5143061515625
126 0.3855 0.48605150156250004 0.38849999999999996 0.483190271875 0.385 0.4774678109375 0.381 0.45743919843749997 0.3715 0.4316881265625 0.373 0.399499284375 0.368 0.379470671875 0.3545 0.35085836875 0.34175 0.334048640625 0.28325 0.2775393421875 0.27475 0.2725321890625 0.26875 0.2739628046875 0.266 0.2807582265625 0.268 0.3093705296875 0.2745 0.332260371875 0.28650000000000003 0.35944205937499996 0.3115 0.402360515625 0.31875 0.41130185937499997 0.34525 0.4306151640625 0.36025 0.4370529328125 0.3745 0.4624463515625 0.3795 0.48462088750000004 0.3795 0.49535049999999997 0.3725 0.520386265625 0.36625 0.53004291875 0.3605 0.533261803125 0.36075 0.5393419171875 0.3655 0.5389842625 0.373 0.5318311875 0.381 0.5146638046875001 0.385 0.499642346875 0.3855 0.48605150156250004
126 0.396 0.337267525 0.3855 0.2864806859375 0.365 0.2428469234375 0.35275 0.2253218890625 0.34900000000000003 0.23354792500000002 0.3465 0.255007153125 0.34900000000000003 0.2929184546875 0.3565 0.33798283281249997 0.363 0.3644492125 0.368 0.3787553640625 0.375 0.3837625171875 0.38375 0.381258940625 0.40125 0.367668096875 0.403 0.3565808296875 0.396 0.337267525