38 0.3953125 0.384375 0.146875 0.30703125
38 0.6875 0.3265625 0.165625 0.0984375
38 0.76171875 0.50390625 0.08046875 0.1609375
38 0.88359375 0.5453125 0.13828125 0.11328125
38 0.81015625 0.63828125 0.21796875 0.075
38 0.7921875 0.7625 0.1140625 0.0890625
38 0.859375 0.89375 0.12265625 0.12734375
38 0.68203125 0.88828125 0.06953125 0.203125
38 0.4765625 0.953125 0.203125 0.09375
38 0.365625 0.82109375 0.2 0.10390625
38 0.21875 0.78984375 0.18125 0.15703125
38 0.1640625 0.9171875 0.13046875 0.13125
38 0.04296875 0.903125 0.0859375 0.19375
38 0.08515625 0.5203125 0.121875 0.1203125
38 0.2515625 0.43125 0.0921875 0.30234375