38 0.61171875 0.16171875 0.15625 0.2265625
38 0.45859375 0.32578125 0.196875 0.1546875
38 0.3015625 0.428125 0.1046875 0.246875
38 0.2515625 0.2078125 0.12421875 0.221875
38 0.375 0.134375 0.1203125 0.22734375
38 0.06640625 0.2625 0.13203125 0.17109375
38 0.70703125 0.584375 0.10234375 0.19609375
38 0.88203125 0.5515625 0.17265625 0.29609375
38 0.853125 0.32890625 0.16328125 0.15546875
38 0.725 0.0921875 0.07734375 0.13359375
38 0.83359375 0.11875 0.0578125 0.15859375
38 0.9625 0.265625 0.075 0.309375