38 0.26875 0.60859375 0.2375 0.2
38 0.321875 0.86015625 0.20859375 0.1703125
38 0.50546875 0.9328125 0.128125 0.12734375
38 0.88828125 0.80078125 0.1515625 0.17421875
38 0.7140625 0.515625 0.09296875 0.1765625
38 0.54140625 0.47890625 0.1125 0.18125
38 0.62265625 0.23984375 0.10703125 0.1375
38 0.47734375 0.29921875 0.21171875 0.10859375
38 0.37578125 0.40078125 0.134375 0.1203125
38 0.7859375 0.30625 0.1375 0.103125
38 0.76484375 0.39140625 0.15859375 0.08203125
38 0.6546875 0.4609375 0.05078125 0.19765625
38 0.62890625 0.61484375 0.09375 0.10078125
38 0.5671875 0.646875 0.06015625 0.0578125
38 0.528125 0.59140625 0.0609375 0.0609375