49 0.903125 0.57421875 0.19296875 0.759375
49 0.68203125 0.54609375 0.21640625 0.7703125
49 0.4296875 0.51953125 0.196875 0.70078125
49 0.2 0.49453125 0.1734375 0.64296875
49 0.04375 0.4953125 0.08671875 0.70078125
49 0.053125 0.0703125 0.10625 0.140625
49 0.246875 0.08828125 0.1515625 0.1765625
49 0.4828125 0.0875 0.11953125 0.17421875
49 0.903125 0.08828125 0.13203125 0.1765625
49 0.08125 0.91328125 0.12578125 0.1671875
49 0.23828125 0.91484375 0.0875 0.1703125
49 0.57265625 0.93671875 0.1171875 0.12265625