23 0.78203125 0.453125 0.1953125 0.059375
99 0.37265625 0.590625 0.15625 0.1140625
144 0.53203125 0.59609375 0.275 0.1015625
70 0.77734375 0.5859375 0.2375 0.1140625
94 0.5875 0.8484375 0.1765625 0.1
18 0.75625 0.85234375 0.1703125 0.103125
121 0.425 0.89140625 0.1625 0.125
150 0.64765625 0.9125 0.1171875 0.0953125
150 0.82421875 0.903125 0.1265625 0.09375
85 0.36640625 0.22734375 0.1359375 0.04375
28 0.56328125 0.21875 0.1421875 0.046875
146 0.36015625 0.4609375 0.1421875 0.0859375
37 0.56171875 0.45625 0.265625 0.0703125