37 0.75078125 0.4796875 0.271875 0.071875
22 0.42734375 0.5859375 0.1515625 0.1078125
42 0.75 0.61796875 0.1984375 0.1046875
154 0.5546875 0.60859375 0.159375 0.0890625
49 0.33984375 0.6078125 0.084375 0.075
99 0.7265625 0.87265625 0.1390625 0.1203125
121 0.4609375 0.8671875 0.153125 0.06875
33 0.33828125 0.890625 0.1921875 0.128125
74 0.578125 0.94765625 0.23125 0.1015625
144 0.38515625 0.18046875 0.265625 0.134375
64 0.703125 0.225 0.1 0.0625
85 0.803125 0.23984375 0.1453125 0.0546875
142 0.58359375 0.234375 0.1484375 0.046875
76 0.35703125 0.39921875 0.0625 0.0828125
148 0.55703125 0.4171875 0.1203125 0.1375
40 0.39609375 0.44921875 0.128125 0.0625