22 0.74296875 0.59140625 0.1625 0.090625
144 0.41015625 0.6046875 0.2984375 0.096875
28 0.61484375 0.61875 0.1421875 0.065625
60 0.70625 0.83046875 0.10625 0.134375
148 0.32421875 0.85078125 0.0921875 0.1375
72 0.471875 0.88984375 0.1703125 0.1046875
74 0.703125 0.92421875 0.26875 0.0671875
33 0.7359375 0.20625 0.190625 0.0703125
18 0.34296875 0.21640625 0.1875 0.0640625
70 0.5609375 0.22421875 0.25625 0.0546875
91 0.72421875 0.4046875 0.075 0.159375
76 0.6578125 0.42421875 0.0671875 0.1
42 0.45703125 0.446875 0.259375 0.08125
49 0.6328125 0.46328125 0.084375 0.0671875
85 0.75390625 0.4640625 0.171875 0.0546875