60 0.47890625 0.55859375 0.1328125 0.109375
94 0.40625 0.59921875 0.159375 0.103125
37 0.77109375 0.62109375 0.171875 0.075
142 0.56953125 0.6234375 0.121875 0.04375
146 0.5 0.8640625 0.1625 0.103125
85 0.353125 0.88125 0.1203125 0.08125
23 0.75234375 0.8859375 0.20625 0.096875
60 0.8 0.19375 0.11875 0.10625
70 0.40859375 0.21484375 0.25 0.05625
91 0.5984375 0.39453125 0.1078125 0.1421875
144 0.4203125 0.44375 0.234375 0.0828125
154 0.5671875 0.4609375 0.1890625 0.0640625
72 0.75234375 0.46328125 0.19375 0.05625