22 0.4234375 0.58984375 0.165625 0.09375
154 0.5640625 0.60234375 0.1546875 0.1
42 0.753125 0.59921875 0.2046875 0.09375
49 0.353125 0.61953125 0.0828125 0.071875
144 0.80078125 0.84453125 0.159375 0.2359375
146 0.52734375 0.87421875 0.1375 0.10625
23 0.37421875 0.903125 0.15625 0.1078125
37 0.56953125 0.2109375 0.0859375 0.0484375
64 0.70625 0.21015625 0.1015625 0.0609375
85 0.79765625 0.21796875 0.1296875 0.0390625
74 0.3734375 0.234375 0.221875 0.0296875
76 0.74453125 0.41328125 0.065625 0.09375
33 0.39140625 0.421875 0.178125 0.0703125
70 0.7796875 0.4453125 0.1703125 0.0921875
150 0.39375 0.45859375 0.2609375 0.0890625
37 0.61875 0.45625 0.196875 0.0671875