142 0.3375 0.46796875 0.13125 0.0375
148 0.6953125 0.565625 0.109375 0.13125
60 0.3296875 0.59140625 0.1234375 0.121875
94 0.45390625 0.59296875 0.1375 0.09375
154 0.60625 0.6078125 0.15625 0.0875
33 0.6875 0.825 0.15625 0.0890625
23 0.38359375 0.8890625 0.196875 0.1
144 0.54140625 0.89140625 0.275 0.1375
37 0.75703125 0.90078125 0.19375 0.10625
148 0.58984375 0.184375 0.115625 0.121875
42 0.75078125 0.20703125 0.20625 0.078125
146 0.37265625 0.20859375 0.16875 0.078125
76 0.3515625 0.42265625 0.053125 0.103125
150 0.5140625 0.45 0.209375 0.075
121 0.7328125 0.4546875 0.165625 0.071875