28 0.61953125 0.48046875 0.153125 0.0515625
60 0.40703125 0.55546875 0.1734375 0.11875
42 0.7546875 0.61796875 0.2 0.1015625
94 0.36875 0.6015625 0.1796875 0.1078125
37 0.546875 0.61640625 0.228125 0.0828125
22 0.7640625 0.89453125 0.1734375 0.13125
74 0.39140625 0.903125 0.1859375 0.0984375
49 0.61171875 0.92265625 0.0921875 0.084375
146 0.3765625 0.19453125 0.1390625 0.09375
40 0.60703125 0.21796875 0.103125 0.05625
142 0.79375 0.2453125 0.1265625 0.0296875
64 0.675 0.45 0.10625 0.0375
154 0.559375 0.44609375 0.153125 0.0828125
85 0.7328125 0.46953125 0.2046875 0.0625
23 0.3875 0.45625 0.1953125 0.0640625