22 0.4328125 0.590625 0.175 0.0984375
42 0.75703125 0.60078125 0.203125 0.0984375
154 0.559375 0.6046875 0.1578125 0.090625
49 0.35 0.628125 0.09375 0.08125
99 0.7765625 0.8515625 0.1265625 0.1125
146 0.5203125 0.87421875 0.1296875 0.096875
121 0.6546875 0.8734375 0.13125 0.1
23 0.3828125 0.8953125 0.1296875 0.0703125
40 0.57109375 0.2109375 0.08125 0.0484375
64 0.70390625 0.2125 0.1140625 0.0484375
85 0.7984375 0.21796875 0.115625 0.0359375
33 0.3921875 0.41171875 0.1921875 0.046875
76 0.74375 0.4125 0.059375 0.0859375
70 0.7890625 0.45078125 0.1703125 0.103125
37 0.61953125 0.4546875 0.1921875 0.0640625
150 0.39921875 0.46171875 0.2640625 0.0828125