148 0.76796875 0.56953125 0.1125 0.134375
60 0.353125 0.57890625 0.16875 0.1125
146 0.56640625 0.59296875 0.15 0.0859375
91 0.65390625 0.81796875 0.0953125 0.159375
49 0.35078125 0.8671875 0.0734375 0.06875
76 0.36953125 0.88984375 0.0625 0.109375
40 0.609375 0.91640625 0.1375 0.0875
42 0.72734375 0.20703125 0.2203125 0.084375
28 0.52578125 0.22421875 0.140625 0.0390625
60 0.40078125 0.415625 0.1625 0.134375
94 0.57578125 0.45 0.1671875 0.1
150 0.79375 0.45625 0.1328125 0.0703125
150 0.68515625 0.4578125 0.0734375 0.059375