85 0.34765625 0.4671875 0.15625 0.05
148 0.7484375 0.5625 0.109375 0.1375
60 0.3375 0.58515625 0.13125 0.10625
40 0.5609375 0.59375 0.1125 0.06875
91 0.64140625 0.8140625 0.0921875 0.153125
76 0.3265625 0.84296875 0.053125 0.1
23 0.5953125 0.90234375 0.2640625 0.078125
121 0.36484375 0.9203125 0.1703125 0.121875
28 0.75859375 0.95234375 0.171875 0.078125
60 0.33515625 0.17421875 0.178125 0.14375
146 0.48828125 0.20859375 0.1640625 0.071875
154 0.73203125 0.2140625 0.1890625 0.06875
33 0.734375 0.44609375 0.1734375 0.0875
142 0.5703125 0.465625 0.121875 0.0328125