60 0.4125 0.559375 0.1578125 0.1234375
42 0.75546875 0.59609375 0.2 0.096875
94 0.37109375 0.61171875 0.1859375 0.103125
37 0.55390625 0.6125 0.2234375 0.0859375
22 0.79765625 0.86640625 0.18125 0.1296875
74 0.42734375 0.909375 0.1875 0.096875
49 0.64765625 0.91015625 0.0859375 0.075
146 0.35 0.20625 0.1640625 0.0890625
40 0.57890625 0.2078125 0.1078125 0.0546875
142 0.765625 0.2234375 0.1359375 0.0296875
154 0.5390625 0.44296875 0.134375 0.08125
33 0.64453125 0.44765625 0.1671875 0.0890625
85 0.75625 0.44609375 0.1640625 0.053125
23 0.3765625 0.4703125 0.190625 0.0625