60 0.4734375 0.5625 0.134375 0.128125
121 0.59609375 0.60078125 0.18125 0.096875
22 0.37109375 0.61328125 0.165625 0.0921875
146 0.51875 0.86328125 0.1734375 0.1046875
85 0.37265625 0.88828125 0.125 0.0828125
23 0.77265625 0.8703125 0.209375 0.1046875
148 0.3625 0.18203125 0.109375 0.1359375
60 0.78203125 0.178125 0.1453125 0.1078125
154 0.51796875 0.2125 0.1765625 0.071875
91 0.5859375 0.39453125 0.115625 0.1578125
144 0.40703125 0.4546875 0.28125 0.1046875
49 0.72578125 0.44453125 0.0796875 0.065625