60 0.409375 0.5546875 0.1546875 0.1203125
42 0.75078125 0.609375 0.1984375 0.09375
94 0.365625 0.6046875 0.184375 0.1
37 0.54765625 0.61484375 0.221875 0.08125
22 0.778125 0.88125 0.1796875 0.1265625
74 0.40625 0.9046875 0.1859375 0.09375
49 0.6265625 0.9171875 0.084375 0.0734375
146 0.365625 0.19921875 0.1625 0.0859375
40 0.59375 0.2125 0.1078125 0.053125
142 0.7796875 0.2375 0.1359375 0.028125
154 0.5421875 0.4453125 0.1328125 0.0796875
33 0.646875 0.4546875 0.165625 0.0859375
85 0.75859375 0.459375 0.1640625 0.05
23 0.378125 0.46328125 0.1890625 0.059375