54 0.515625 0.215625 0.1953125 0.30703125
54 0.25703125 0.21328125 0.1953125 0.26640625
54 0.16015625 0.3390625 0.22578125 0.2453125
54 0.14921875 0.70390625 0.1765625 0.2703125
54 0.41328125 0.80703125 0.1859375 0.30625
54 0.66015625 0.65078125 0.23515625 0.253125
54 0.67734375 0.490625 0.2203125 0.2296875
54 0.621875 0.30625 0.21171875 0.278125
54 0.37578125 0.17890625 0.1671875 0.303125
54 0.159375 0.53125 0.26328125 0.253125
54 0.27265625 0.77890625 0.18984375 0.3140625
54 0.54609375 0.7546875 0.26328125 0.33203125