84 0.709375 0.87421875 0.334375 0.2515625
84 0.30703125 0.83828125 0.2875 0.3234375
84 0.6140625 0.66953125 0.23828125 0.1890625
84 0.5953125 0.4890625 0.15625 0.15390625
84 0.37109375 0.59921875 0.228125 0.18515625
84 0.415625 0.42734375 0.128125 0.1265625
84 0.565625 0.34921875 0.10234375 0.1171875
84 0.45546875 0.31953125 0.084375 0.08203125
84 0.91015625 0.57109375 0.1796875 0.2390625
84 0.80078125 0.40546875 0.16640625 0.15859375
84 0.09140625 0.6171875 0.1828125 0.2625
84 0.23203125 0.409375 0.13671875 0.18203125