121 0.16484375 0.44921875 0.1546875 0.2078125
121 0.30546875 0.3421875 0.153125 0.196875
121 0.15703125 0.21640625 0.165625 0.2125
121 0.29453125 0.1734375 0.134375 0.190625
121 0.41953125 0.159375 0.1359375 0.19375
121 0.5515625 0.1296875 0.1609375 0.221875
121 0.703125 0.12578125 0.171875 0.2484375
121 0.81171875 0.24296875 0.15625 0.2171875
121 0.853125 0.44296875 0.1453125 0.2125
121 0.81484375 0.64453125 0.1796875 0.234375
121 0.725 0.48046875 0.1671875 0.2265625
121 0.60078125 0.315625 0.15625 0.19375
121 0.45546875 0.321875 0.16875 0.240625
121 0.4046875 0.49453125 0.153125 0.1921875
121 0.5453125 0.47578125 0.1515625 0.2171875
121 0.53046875 0.690625 0.1828125 0.225
121 0.69453125 0.76796875 0.1609375 0.240625
121 0.5484375 0.88515625 0.1921875 0.2171875
121 0.37578125 0.89296875 0.1546875 0.2125
121 0.23671875 0.7859375 0.1546875 0.2265625