121 0.27265625 0.3484375 0.2234375 0.1828125
121 0.2640625 0.5125 0.2109375 0.1609375
121 0.48359375 0.478125 0.23125 0.21875
121 0.5890625 0.6625 0.271875 0.2078125
121 0.80625 0.684375 0.2125 0.24375
121 0.81640625 0.48984375 0.1765625 0.1859375
121 0.646875 0.4625 0.2453125 0.2640625
121 0.70703125 0.29140625 0.2125 0.246875
121 0.4796875 0.28046875 0.2734375 0.225
121 0.47421875 0.0953125 0.2234375 0.190625
121 0.2125 0.684375 0.2328125 0.24375
121 0.40546875 0.77734375 0.1921875 0.271875
121 0.5921875 0.85859375 0.2421875 0.2265625