37 0.5291666671875 0.621875 0.46666666718750005 0.42604166718750003 0.4375 0.246875 0.425 0.215625 0.40520833281249996 0.20625 0.38229166718749996 0.2125 0.36875 0.2427083328125 0.36875 0.30520833281250004 0.38333333281250004 0.3927083328125 0.44166666718750003 0.6614583328125 0.46666666718750005 0.7135416671875 0.5041666671875 0.865625 0.5177083328125 0.8770833328125001 0.53125 0.8760416671875 0.5614583328125 0.8666666671875 0.5666666671875 0.8489583328125001 0.5541666671875001 0.7302083328125 0.5291666671875 0.621875
37 0.84375 0.821875 0.8020833328125001 0.7427083328124999 0.7729166671875001 0.7072916671875 0.6791666671875001 0.5302083328125 0.6458333328125 0.48645833281249995 0.63125 0.446875 0.55 0.3010416671875 0.5239583328124999 0.2708333328125 0.484375 0.2625 0.46875 0.2864583328125 0.47291666718750003 0.321875 0.5291666671875 0.43645833281249996 0.55 0.49895833281249996 0.6020833328124999 0.5885416671875 0.6770833328125 0.6802083328124999 0.7479166671875 0.7864583328125 0.8270833328125 0.9260416671874999 0.8354166671875 0.953125 0.8458333328125001 0.959375 0.8458333328125001 0.9427083328125001 0.8791666671874999 0.915625 0.8791666671874999 0.9052083328125 0.84375 0.821875
37 0.5010416671875 0.1583333328125 0.49375 0.1677083328125 0.49375 0.196875 0.5020833328125 0.2552083328125 0.5458333328125 0.2927083328125 0.6145833328125 0.415625 0.6166666671875001 0.2927083328125 0.5979166671875 0.1927083328125 0.5760416671875 0.1666666671875 0.5010416671875 0.1583333328125
37 0.6145833328125 0.6072916671875 0.5447916671875 0.49375 0.5666666671875 0.815625 0.5520833328125 0.9989583328125 0.575 0.9989583328125 0.59375 0.978125 0.6104166671875 0.9052083328125 0.6166666671875001 0.621875 0.6145833328125 0.6072916671875
37 0.74375 0.7864583328125 0.7072916671875 0.7375 0.6958333328124999 0.8385416671874999 0.7020833328125 0.9322916671874999 0.715625 0.9479166671874999 0.7666666671875 0.9489583328125001 0.809375 0.9458333328125 0.8166666671874999 0.9364583328125 0.8145833328125001 0.9177083328125001 0.74375 0.7864583328125
37 0.7479166671875 0.21979166718749998 0.7135416671875 0.21458333281250003 0.7041666671875 0.21979166718749998 0.69375 0.27395833281250004 0.7041666671875 0.5697916671875001 0.76875 0.6989583328125 0.79375 0.728125 0.8 0.6802083328124999 0.7958333328125 0.5760416671875 0.76875 0.2989583328125 0.7479166671875 0.21979166718749998
37 0.8479166671874999 0.21354166718749998 0.834375 0.20625 0.7697916671875 0.2270833328125 0.7583333328124999 0.2364583328125 0.7583333328124999 0.2510416671875 0.7958333328125 0.565625 0.7979166671875 0.7302083328125 0.8395833328125001 0.8135416671875 0.85 0.8197916671875 0.8645833328125001 0.5739583328125 0.8645833328125001 0.303125 0.8604166671875 0.2364583328125 0.8479166671874999 0.21354166718749998
37 0.5645833328125 0.0322916671875 0.5645833328125 0.0135416671875 0.553125 0 0.496875 0.0020833328125000002 0.2364583328125 0.1729166671875 0.09375 0.3010416671875 0.0479166671875 0.353125 0.05625 0.359375 0.18020833281249998 0.2958333328125 0.46979166718750004 0.1270833328125 0.5479166671875 0.0614583328125 0.5645833328125 0.0322916671875
37 0.2770833328125 0.38229166718749996 0.2614583328125 0.3645833328125 0.1989583328125 0.36875 0.1666666671875 0.4010416671875 0.1833333328125 0.4739583328125 0.2625 0.6239583328125 0.3625 0.8510416671875 0.42291666718750004 0.9302083328125 0.459375 0.96875 0.4770833328125 0.9760416671875 0.5 0.9614583328125 0.5 0.909375 0.3770833328125 0.6447916671875 0.2770833328125 0.38229166718749996
37 0.115625 0.5145833328125 0.10833333281249999 0.521875 0.11041666718750001 0.5447916671875 0.1625 0.6447916671875 0.22291666718749997 0.7364583328125 0.25833333281250004 0.821875 0.30625 0.8947916671874999 0.3479166671875 0.9989583328125 0.4166666671875 0.9989583328125 0.3229166671875 0.7572916671875001 0.2270833328125 0.5614583328125 0.178125 0.5020833328125 0.115625 0.5145833328125
37 0.1739583328125 0 0.16875 0.007291667187500001 0.1 0.259375 0.1 0.2947916671875 0.2125 0.184375 0.2270833328125 0.0635416671875 0.22395833281250002 0 0.1739583328125 0
37 0 0.6489583328124999 0.0083333328125 0.6489583328124999 0.0916666671875 0.5385416671875001 0.14791666718750002 0.42604166718750003 0.17916666718750002 0.3114583328125 0.1760416671875 0.3 0.0770833328125 0.353125 0 0.584375 0 0.6489583328124999
37 0.4291666671875 0.615625 0.3729166671875 0.3385416671875 0.35104166718749996 0.29375 0.3072916671875 0.2958333328125 0.2645833328125 0.3322916671875 0.28125 0.396875 0.36666666718749996 0.603125 0.4 0.6635416671875001 0.43125 0.7510416671875 0.45 0.7739583328124999 0.45416666718750004 0.796875 0.4760416671875 0.8020833328125001 0.46666666718750005 0.8114583328125 0.48541666718750004 0.8177083328125001 0.48333333281249996 0.784375 0.47083333281249995 0.790625 0.46875 0.7239583328125 0.4291666671875 0.615625