37 0.605 0.38389513124999997 0.59375 0.3670411984375 0.5662499999999999 0.3670411984375 0.5237499999999999 0.40449438125 0.375 0.6310861421875 0.36 0.6722846437500001 0.36 0.7209737828125 0.38125 0.760299625 0.4575 0.7883895125 0.5125 0.6872659171875 0.5875 0.5 0.605 0.41011235937499996 0.605 0.38389513124999997
37 0.52 0.406367040625 0.5237499999999999 0.3370786515625 0.49124999999999996 0.34831460625 0.41375 0.438202246875 0.2625 0.653558053125 0.2525 0.702247190625 0.26749999999999996 0.7471910109375 0.29375 0.7752808984375 0.32 0.7734082390625 0.355 0.7322097375000001 0.35750000000000004 0.67977528125 0.3775 0.62359550625 0.52 0.406367040625
37 0.71 0.45880149843750007 0.70625 0.44194756562500004 0.6587500000000001 0.4494382015625 0.63375 0.46816479375000003 0.5700000000000001 0.5749063671875 0.53 0.6872659171875 0.52 0.7322097375000001 0.5275000000000001 0.8033707859374999 0.585 0.8408239703125 0.59875 0.8352059921875 0.625 0.7846441953125 0.645 0.6460674156249999 0.71 0.45880149843750007
37 0.74875 0.3970037453125 0.7175 0.43632958750000006 0.6475 0.642322096875 0.6425 0.709737828125 0.6925 0.7471910109375 0.8275 0.5074906359375 0.8275 0.45880149843750007 0.78125 0.4007490640625 0.74875 0.3970037453125
37 0.9112500000000001 0.4794007484375 0.89375 0.4719101125 0.84375 0.5168539328125 0.665 0.79962546875 0.6599999999999999 0.852059925 0.6725 0.885767790625 0.7112499999999999 0.9250936328125 0.735 0.9269662921874999 0.7725 0.8970037453125 0.9175000000000001 0.55243445625 0.9225 0.49625468125000005 0.9112500000000001 0.4794007484375
37 0.61125 0.07865168593750001 0.5587500000000001 0.026217228125000002 0.54125 0.014981273437500001 0.50875 0.026217228125000002 0.495 0.050561798437500007 0.4925 0.08801498125 0.53 0.20786516875 0.58125 0.29962546875 0.6174999999999999 0.30898876406250003 0.6775 0.2565543078125 0.6825 0.20037453125 0.6725 0.170411984375 0.61125 0.07865168593750001
37 0.9637499999999999 0.11235955 0.81375 0.12359550625 0.77125 0.146067415625 0.7575000000000001 0.170411984375 0.7575000000000001 0.2116104875 0.7837500000000001 0.2509363296875 0.9025000000000001 0.2565543078125 0.9862500000000001 0.21348314531249998 0.9949999999999999 0.1928838953125 0.99 0.1367041203125 0.9637499999999999 0.11235955
37 0.925 0.41011235937499996 0.83125 0.29213483125 0.72875 0.202247190625 0.7 0.2453183515625 0.7 0.27153558125 0.76875 0.3932584265625 0.80375 0.4157303375 0.835 0.48127340781249994 0.8550000000000001 0.5 0.8887499999999999 0.4719101125 0.9262499999999999 0.494382021875 0.9349999999999999 0.4550561796875 0.925 0.41011235937499996
37 0.40125 0.149812734375 0.35375 0.146067415625 0.18375 0.18726591718750002 0.1925 0.30898876406250003 0.225 0.3127340828125 0.41375 0.3033707859375 0.43 0.2565543078125 0.425 0.177902621875 0.40125 0.149812734375
37 0.14250000000000002 0.065543071875 0.11625 0.0486891390625 0.08499999999999999 0.065543071875 0.0625 0.177902621875 0.065 0.29775280937500004 0.08499999999999999 0.3651685390625 0.10500000000000001 0.3801498125 0.14875 0.3632958796875 0.1925 0.3239700375 0.17250000000000001 0.1629213484375 0.14250000000000002 0.065543071875
37 0.27125 0.760299625 0.2375 0.6610486890625 0.205 0.61610486875 0.2125 0.55243445625 0.1775 0.4026217234375 0.15375 0.3595505625 0.11000000000000001 0.38764045 0.1275 0.653558053125 0.1525 0.852059925 0.18625 0.8876404499999999 0.20750000000000002 0.885767790625 0.27625 0.8426966296874999 0.3275 0.7808988765625 0.29874999999999996 0.7827715359375 0.27125 0.760299625
37 0.52 0.406367040625 0.5237499999999999 0.3370786515625 0.48875 0.352059925 0.41375 0.438202246875 0.2625 0.653558053125 0.2525 0.702247190625 0.26749999999999996 0.7471910109375 0.29375 0.7752808984375 0.32 0.7734082390625 0.355 0.7322097375000001 0.35750000000000004 0.67977528125 0.3775 0.62359550625 0.52 0.406367040625
37 0.21749999999999997 0.556179775 0.205 0.6123595500000001 0.2475 0.6573033703125 0.4225 0.4250936328125 0.40374999999999994 0.3745318359375 0.35625 0.3745318359375 0.21749999999999997 0.556179775