54 0.576 0.2412 0.5860000000000001 0.21880000000000002 0.587 0.198 0.577 0.178 0.5585 0.16399999999999998 0.5395 0.15760000000000002 0.5225 0.156 0.4795 0.1608 0.4385 0.1792 0.397 0.2156 0.382 0.2484 0.383 0.266 0.392 0.282 0.4165 0.296 0.465 0.298 0.4955 0.2928 0.5275000000000001 0.2808 0.5650000000000001 0.2548 0.576 0.2412
54 0.6769999999999999 0.3324 0.6849999999999999 0.31 0.682 0.2828 0.6769999999999999 0.27480000000000004 0.6475 0.2552 0.6065 0.2512 0.5665 0.26 0.525 0.2852 0.501 0.31320000000000003 0.49400000000000005 0.34199999999999997 0.497 0.3588 0.506 0.374 0.5285 0.3872 0.5730000000000001 0.3908 0.5995 0.3856 0.6345 0.37120000000000003 0.661 0.3524 0.6769999999999999 0.3324
54 0.798 0.4196 0.8009999999999999 0.3916 0.7969999999999999 0.38039999999999996 0.7809999999999999 0.362 0.7575000000000001 0.3488 0.7375 0.3448 0.7075 0.3448 0.6725 0.3536 0.629 0.382 0.608 0.41159999999999997 0.605 0.4236 0.611 0.44279999999999997 0.6275000000000001 0.45999999999999996 0.6545 0.4704 0.702 0.47400000000000003 0.7245 0.47119999999999995 0.7575000000000001 0.45919999999999994 0.7849999999999999 0.43879999999999997 0.798 0.4196
54 0.487 0.378 0.493 0.3532 0.489 0.3324 0.46950000000000003 0.3104 0.44749999999999995 0.3008 0.4225 0.2976 0.40149999999999997 0.2992 0.3665 0.3104 0.329 0.3372 0.301 0.3756 0.29700000000000004 0.3908 0.298 0.40759999999999996 0.301 0.41719999999999996 0.312 0.43079999999999996 0.34249999999999997 0.44400000000000006 0.381 0.4444 0.41150000000000003 0.4384 0.4425 0.4232 0.46900000000000003 0.40279999999999994 0.487 0.378
54 0.605 0.4668 0.61 0.4468 0.606 0.426 0.5875 0.404 0.5615 0.392 0.5225 0.3888 0.4845 0.3984 0.446 0.42279999999999995 0.417 0.4588 0.41200000000000003 0.4748 0.414 0.49160000000000004 0.42000000000000004 0.5035999999999999 0.4335 0.516 0.4605 0.5256000000000001 0.503 0.526 0.5295 0.5216000000000001 0.5625 0.5088 0.587 0.49160000000000004 0.605 0.4668
54 0.746 0.5548 0.749 0.53 0.739 0.5052 0.7205 0.4888 0.6925 0.4784 0.6525000000000001 0.4768 0.6054999999999999 0.4904 0.5700000000000001 0.5147999999999999 0.55 0.5436 0.548 0.558 0.5559999999999999 0.5804 0.5715 0.5952 0.6085 0.6072 0.649 0.6083999999999999 0.6885 0.6008 0.7065 0.5928 0.732 0.5740000000000001 0.746 0.5548
54 0.675 0.6908000000000001 0.6809999999999999 0.6708000000000001 0.6769999999999999 0.6436 0.663 0.626 0.6385 0.6128 0.6005 0.608 0.5605 0.6176 0.5425 0.6264000000000001 0.512 0.6508 0.495 0.6764 0.49000000000000005 0.706 0.5 0.7308 0.5135 0.7408 0.5295 0.7472000000000001 0.5740000000000001 0.75 0.6054999999999999 0.744 0.6355000000000001 0.7304 0.658 0.7132 0.675 0.6908000000000001
54 0.55 0.6083999999999999 0.5549999999999999 0.5940000000000001 0.5549999999999999 0.5780000000000001 0.549 0.5612 0.5345 0.5456000000000001 0.5075000000000001 0.5312 0.4875 0.5272 0.4585 0.5272 0.4205 0.5384 0.40049999999999997 0.5496000000000001 0.383 0.5644 0.361 0.5956 0.356 0.622 0.362 0.6428 0.369 0.6508 0.3805 0.6584 0.4025 0.6656 0.44000000000000006 0.6684 0.4765 0.6632 0.5065000000000001 0.6512 0.5389999999999999 0.626 0.55 0.6083999999999999
54 0.40499999999999997 0.5284 0.41200000000000003 0.506 0.41 0.4828 0.40099999999999997 0.4692 0.3765 0.45199999999999996 0.3505 0.4464 0.3045 0.45199999999999996 0.26549999999999996 0.472 0.25 0.48440000000000005 0.23199999999999998 0.5084 0.22200000000000003 0.5404 0.22400000000000003 0.558 0.23199999999999998 0.5708 0.2565 0.5848 0.27349999999999997 0.588 0.302 0.5876 0.3295 0.5831999999999999 0.35750000000000004 0.572 0.381 0.5564 0.40499999999999997 0.5284
54 0.353 0.674 0.36 0.6508 0.354 0.6235999999999999 0.3315 0.6008 0.3145 0.5936 0.27549999999999997 0.5888 0.2285 0.6016 0.199 0.622 0.173 0.6564 0.16499999999999998 0.6916 0.175 0.7132 0.1875 0.7232000000000001 0.2015 0.7288 0.24700000000000003 0.7308 0.27949999999999997 0.7256 0.3105 0.7136 0.331 0.6996 0.353 0.674
54 0.477 0.7572 0.483 0.7388 0.48 0.7068 0.46349999999999997 0.6864 0.4365 0.6736 0.40049999999999997 0.6712 0.36150000000000004 0.6824 0.319 0.714 0.3 0.742 0.29500000000000004 0.774 0.29900000000000004 0.7884 0.306 0.7972 0.3305 0.8119999999999999 0.3485 0.8160000000000001 0.373 0.8164 0.4085 0.8103999999999999 0.4425 0.7944 0.46799999999999997 0.7716000000000001 0.477 0.7572
54 0.607 0.8356 0.613 0.8131999999999999 0.609 0.79 0.597 0.7732 0.5735 0.7584 0.5535 0.7535999999999999 0.5295 0.7527999999999999 0.49450000000000005 0.7615999999999999 0.457 0.786 0.43 0.8188000000000001 0.422 0.8412000000000001 0.42300000000000004 0.8635999999999999 0.43 0.8788 0.4405 0.8880000000000001 0.45949999999999996 0.8960000000000001 0.499 0.8987999999999999 0.5295 0.8944000000000001 0.5615 0.8808 0.589 0.8603999999999999 0.607 0.8356