3 0.65703125 0.55859375 0.10625 0.0796875
3 0.609375 0.54140625 0.090625 0.0640625
3 0.51796875 0.53828125 0.06875 0.0578125
3 0.409375 0.85078125 0.10625 0.0890625
16 0.69140625 0.33984375 0.103125 0.0640625
16 0.59140625 0.334375 0.109375 0.078125
16 0.46484375 0.52578125 0.059375 0.0453125
16 0.4375 0.55 0.040625 0.04375
5 0.35390625 0.55078125 0.2 0.1265625
5 0.75703125 0.8734375 0.384375 0.125
7 0.17734375 0.871875 0.171875 0.140625
7 0.44375 0.1609375 0.096875 0.0375
7 0.321875 0.14765625 0.184375 0.0359375
13 0.81953125 0.1234375 0.159375 0.096875
13 0.678125 0.13046875 0.115625 0.0828125
13 0.465625 0.72890625 0.090625 0.0703125
13 0.38125 0.73046875 0.071875 0.0546875