7 0.24765625 0.7875 0.3171875 0.084375
7 0.609375 0.77421875 0.30625 0.0546875
7 0.66328125 0.81171875 0.2890625 0.0859375
13 0.08828125 0.1 0.11875 0.071875
13 0.653125 0.5296875 0.0984375 0.06875
13 0.21171875 0.86640625 0.1265625 0.1046875
13 0.328125 0.85234375 0.11875 0.0984375
5 0.12265625 0.87734375 0.05 0.0765625
5 0.48125 0.53515625 0.2796875 0.0765625
3 0.446875 0.84296875 0.1015625 0.0859375
16 0.30703125 0.121875 0.06875 0.04375
16 0.75859375 0.56484375 0.0921875 0.0515625
16 0.73203125 0.528125 0.06875 0.040625
3 0.37421875 0.5 0.078125 0.053125