3 0.378125 0.42578125 0.10625 0.0765625
3 0.42109375 0.44765625 0.084375 0.0671875
3 0.49921875 0.44140625 0.071875 0.0609375
3 0.46953125 0.12265625 0.109375 0.0984375
16 0.15625 0.81015625 0.096875 0.0640625
16 0.22890625 0.80703125 0.0875 0.0640625
16 0.31796875 0.7984375 0.090625 0.040625
16 0.434375 0.63046875 0.103125 0.0703125
7 0.58046875 0.7953125 0.084375 0.040625
7 0.69609375 0.80078125 0.175 0.0453125
7 0.271875 0.07109375 0.253125 0.1421875
13 0.56640625 0.25703125 0.090625 0.0640625
13 0.63984375 0.25703125 0.078125 0.0703125
13 0.33828125 0.63671875 0.103125 0.0953125
13 0.503125 0.6453125 0.11875 0.08125
5 0.275 0.12890625 0.290625 0.1234375
5 0.62734375 0.1328125 0.284375 0.15625