16 0.35 0.1 0.1125 0.0875
16 0.23828125 0.11484375 0.096875 0.0765625
16 0.26328125 0.1671875 0.115625 0.05
16 0.30234375 0.20703125 0.078125 0.0390625
13 0.58046875 0.22421875 0.09375 0.0765625
13 0.26875 0.83828125 0.134375 0.0578125
13 0.38203125 0.2265625 0.08125 0.0625
13 0.40859375 0.26171875 0.0375 0.0328125
3 0.85546875 0.42265625 0.103125 0.0734375
3 0.68046875 0.46484375 0.096875 0.0296875
3 0.346875 0.41171875 0.128125 0.0890625
3 0.26171875 0.41953125 0.06875 0.0734375
5 0.834375 0.8828125 0.321875 0.125
5 0.50078125 0.72578125 0.10625 0.1046875
5 0.50859375 0.64609375 0.059375 0.0421875
5 0.41015625 0.22421875 0.1875 0.1828125
7 0.46015625 0.42890625 0.1625 0.0609375
7 0.46875 0.396875 0.140625 0.059375