2 0.62734375 0.5828125 0.23515625 0.4078125
2 0.86171875 0.5265625 0.22890625 0.3828125
2 0.9046875 0.85703125 0.190625 0.2859375
2 0.68359375 0.89375 0.2453125 0.2125
2 0.709375 0.21171875 0.23125 0.3421875
2 0.91015625 0.1234375 0.17890625 0.246875
2 0.6703125 0.06484375 0.24296875 0.12890625
2 0.321875 0.41328125 0.1265625 0.31015625
2 0.3953125 0.52578125 0.14375 0.27734375
2 0.4390625 0.7 0.16640625 0.1828125
2 0.3578125 0.85234375 0.1265625 0.22890625
2 0.42265625 0.878125 0.13984375 0.24375
2 0.2890625 0.87890625 0.1234375 0.2421875
2 0.1765625 0.896875 0.09609375 0.20625
2 0.06171875 0.90078125 0.1203125 0.1984375
2 0.046875 0.74609375 0.09375 0.1703125
2 0.17265625 0.70546875 0.128125 0.265625
2 0.18515625 0.55 0.1484375 0.2390625
2 0.2734375 0.64921875 0.1015625 0.2921875
2 0.05546875 0.51640625 0.1109375 0.25
2 0.06328125 0.20703125 0.12578125 0.22890625
2 0.17421875 0.1703125 0.1390625 0.2875
2 0.26171875 0.31484375 0.12421875 0.2828125
2 0.30078125 0.08515625 0.1703125 0.16953125
2 0.28828125 0.17890625 0.1515625 0.15
2 0.43203125 0.31953125 0.1234375 0.26328125