2 0.77421875 0.6203125 0.13984375 0.11015625
2 0.88984375 0.696875 0.16484375 0.12109375
2 0.90625 0.8125 0.16640625 0.11875
2 0.7765625 0.821875 0.16484375 0.1296875
2 0.71484375 0.709375 0.175 0.11953125
2 0.6265625 0.803125 0.1625 0.14296875
2 0.590625 0.590625 0.146875 0.11015625
2 0.63125 0.50078125 0.11640625 0.08984375
2 0.753125 0.49765625 0.1453125 0.10859375
2 0.89296875 0.509375 0.14375 0.103125
2 0.72109375 0.42421875 0.128125 0.08828125
2 0.5828125 0.42890625 0.12890625 0.103125
2 0.6125 0.69140625 0.13203125 0.11328125
2 0.85390625 0.58359375 0.1375 0.10703125
2 0.9234375 0.41796875 0.1328125 0.08125
2 0.19296875 0.08671875 0.08984375 0.075
2 0.275 0.09453125 0.08515625 0.0578125
2 0.36015625 0.09921875 0.071875 0.06640625
2 0.428125 0.090625 0.071875 0.06171875
2 0.36875 0.04609375 0.075 0.0734375
2 0.2890625 0.040625 0.08359375 0.06640625
2 0.21328125 0.03046875 0.0859375 0.059375
2 0.1375 0.0390625 0.0796875 0.06875