159 0.4890625 0.4625 0.29375 0.5125
159 0.87578125 0.50078125 0.24765625 0.53515625
159 0.33671875 0.165625 0.2390625 0.33125
159 0.65234375 0.17109375 0.203125 0.2578125
159 0.84375 0.12734375 0.22421875 0.2546875
159 0.60625 0.80546875 0.3359375 0.3890625
159 0.3046875 0.7984375 0.29375 0.403125
159 0.15859375 0.465625 0.19375 0.365625
159 0.309375 0.46953125 0.15390625 0.3734375
159 0.071875 0.7890625 0.14375 0.421875
159 0.05546875 0.421875 0.11015625 0.334375
159 0.071875 0.1578125 0.14375 0.26875
159 0.19296875 0.1515625 0.08828125 0.26953125
159 0.946875 0.8609375 0.10625 0.27421875