159 0.35078125 0.528125 0.24765625 0.43984375
159 0.57578125 0.7078125 0.25390625 0.3875
159 0.8203125 0.77578125 0.25 0.4
159 0.9296875 0.9265625 0.140625 0.146875
159 0.928125 0.4578125 0.14296875 0.38828125
159 0.671875 0.4734375 0.28125 0.38515625
159 0.37890625 0.9109375 0.2203125 0.178125
159 0.153125 0.77578125 0.2734375 0.38046875
159 0.121875 0.409375 0.24375 0.434375
159 0.3859375 0.0921875 0.25 0.18359375
159 0.54609375 0.2578125 0.2609375 0.371875
159 0.740625 0.1296875 0.221875 0.25859375
159 0.92421875 0.07578125 0.1515625 0.1515625
159 0.12578125 0.0875 0.2515625 0.175