68 0.52125 0.4016666671875 0.5225 0.4141666671875 0.605 0.4841666671875 0.7474999999999999 0.5608333328125 0.7474999999999999 0.5441666671875 0.7025 0.4925 0.60375 0.43 0.52125 0.4016666671875
68 0.46125 0.41500000000000004 0.41875 0.42833333281249997 0.37 0.4625 0.28500000000000003 0.5675 0.29 0.5741666671875 0.365 0.5225 0.37 0.5075000000000001 0.45999999999999996 0.4291666671875 0.46125 0.41500000000000004
68 0.39625 0.4216666671875 0.38375 0.4216666671875 0.35 0.4441666671875 0.2975 0.49749999999999994 0.265 0.5508333328125 0.26749999999999996 0.5608333328125 0.28500000000000003 0.5675 0.35 0.48250000000000004 0.41 0.4291666671875 0.40625 0.40833333281249995 0.39625 0.4216666671875
68 0.2425 0.5308333328125 0.22125 0.525 0.21749999999999997 0.5375 0.22999999999999998 0.5641666671875 0.2875 0.6308333328125 0.36124999999999996 0.6833333328125 0.48624999999999996 0.75 0.5 0.7508333328125001 0.425 0.6991666671875 0.38 0.6525000000000001 0.325 0.6174999999999999 0.2425 0.5308333328125
68 0.52625 0.5700000000000001 0.46624999999999994 0.5533333328125 0.465 0.5458333328125 0.4325 0.5308333328125 0.47750000000000004 0.5758333328125 0.50625 0.5916666671875 0.5662499999999999 0.6 0.69875 0.595 0.775 0.6075 0.775 0.5958333328125 0.73125 0.5716666671875 0.6487499999999999 0.5633333328125001 0.52625 0.5700000000000001
68 0.49749999999999994 0.5941666671875 0.5125 0.6191666671875 0.54875 0.6416666671875 0.62625 0.67 0.7224999999999999 0.6925 0.73 0.6858333328125 0.70375 0.6633333328125001 0.58125 0.6033333328125 0.49749999999999994 0.5941666671875
68 0.08249999999999999 0.45083333281250004 0.1125 0.4808333328125 0.155 0.4625 0.09875 0.3966666671875 0.08499999999999999 0.4141666671875 0.08249999999999999 0.45083333281250004
68 0.13625 0.305 0.1275 0.31416666718749997 0.13 0.3325 0.1775 0.3958333328125 0.25125000000000003 0.43833333281250003 0.3025 0.4525 0.3225 0.43916666718749997 0.3175 0.4291666671875 0.185 0.3591666671875 0.13625 0.305
68 0.68625 0.44333333281250004 0.6675 0.4525 0.6950000000000001 0.4841666671875 0.74375 0.52 0.8787499999999999 0.5933333328125 0.9025000000000001 0.5974999999999999 0.8825 0.5658333328125 0.76125 0.4683333328125 0.7112499999999999 0.445 0.68625 0.44333333281250004
68 0.5375 0.49749999999999994 0.60875 0.5549999999999999 0.66875 0.5666666671875 0.7025 0.5658333328125 0.5862499999999999 0.4733333328125 0.53125 0.4516666671875 0.5175 0.45416666718750004 0.5375 0.49749999999999994
68 0.31875 0.445 0.27875 0.465 0.20625 0.515 0.11875 0.5566666671875 0.11499999999999999 0.5608333328125 0.125 0.5625 0.27125 0.51 0.335 0.4658333328125 0.3525 0.4425 0.31875 0.445