37 0.54140625 0.36796875 0.278125 0.18359375
82 0.64453125 0.71796875 0.33359375 0.13671875
144 0.503125 0.55 0.29453125 0.18359375
52 0.06953125 0.6953125 0.13359375 0.20703125
40 0.025 0.26171875 0.05 0.1234375
67 0.0390625 0.721875 0.078125 0.15
67 0.01640625 0.57109375 0.0328125 0.1765625
133 0.9078125 0.59765625 0.184375 0.3578125
20 0.028125 0.56328125 0.05546875 0.11328125
20 0.03359375 0.48671875 0.06640625 0.06640625
154 0.96953125 0.36328125 0.0609375 0.0796875
133 0.8828125 0.59765625 0.234375 0.3640625
161 0.203125 0.31171875 0.13359375 0.0703125