29 0.62578125 0.35234375 0.36953125 0.11875
29 0.62109375 0.5328125 0.3796875 0.1453125
29 0.32734375 0.5890625 0.234375 0.12265625
29 0.31015625 0.43984375 0.25859375 0.17578125
29 0.3234375 0.2828125 0.2046875 0.11875
29 0.6328125 0.0828125 0.384375 0.165625
29 0.3203125 0.07890625 0.19375 0.1265625
29 0.109375 0.08046875 0.1609375 0.11171875
29 0.08515625 0.18984375 0.1703125 0.0859375
29 0.11171875 0.29296875 0.2234375 0.0921875
29 0.09921875 0.42109375 0.14609375 0.10078125
29 0.10859375 0.5796875 0.2015625 0.115625
29 0.1046875 0.7078125 0.209375 0.08359375
29 0.10859375 0.81328125 0.2171875 0.078125
29 0.103125 0.934375 0.20625 0.1125
29 0.925 0.38671875 0.14921875 0.14921875
29 0.93359375 0.22890625 0.125 0.1328125
29 0.9234375 0.51875 0.153125 0.109375
29 0.946875 0.66484375 0.09765625 0.11875
29 0.9453125 0.95703125 0.109375 0.08125
29 0.94921875 0.84453125 0.0953125 0.09765625
29 0.66171875 0.69765625 0.38515625 0.103125
29 0.665625 0.83046875 0.35546875 0.11015625
29 0.65625 0.9484375 0.38046875 0.103125
29 0.35078125 0.73203125 0.24921875 0.10546875
29 0.35859375 0.853125 0.2421875 0.06015625
29 0.353125 0.95703125 0.1875 0.0859375