38 0.57265625 0.8375 0.115625 0.134375
38 0.74609375 0.72890625 0.1078125 0.19140625
38 0.85078125 0.85703125 0.15 0.1390625
38 0.28203125 0.86953125 0.14296875 0.19765625
38 0.4234375 0.52265625 0.1078125 0.121875
38 0.321875 0.5125 0.09140625 0.109375
38 0.31015625 0.39296875 0.103125 0.08046875
38 0.45078125 0.4203125 0.115625 0.0828125
38 0.36328125 0.3078125 0.075 0.07421875
38 0.446875 0.3546875 0.10703125 0.1
38 0.59296875 0.50234375 0.11640625 0.10625
38 0.6328125 0.42578125 0.1 0.08671875
38 0.5796875 0.37265625 0.06953125 0.090625