38 0.47578125 0.440625 0.11484375 0.36953125
38 0.6421875 0.6796875 0.20390625 0.184375
38 0.71640625 0.53125 0.20390625 0.19453125
38 0.66875 0.271875 0.13125 0.23671875
38 0.59375 0.11953125 0.1 0.23828125
38 0.3921875 0.09296875 0.15859375 0.18515625
38 0.2125 0.07890625 0.15859375 0.1578125
38 0.2 0.2640625 0.13671875 0.1984375
38 0.06796875 0.21875 0.1015625 0.24921875
38 0.125 0.4375 0.0765625 0.14921875
38 0.22421875 0.58203125 0.15703125 0.275
38 0.303125 0.82890625 0.196875 0.21640625
38 0.46875 0.8578125 0.1359375 0.14296875
38 0.89140625 0.1453125 0.21640625 0.17265625
38 0.8515625 0.4375 0.15859375 0.171875
38 0.97109375 0.54375 0.0578125 0.278125
38 0.88984375 0.91484375 0.15234375 0.16953125
38 0.7703125 0.91484375 0.0921875 0.1375
38 0.66328125 0.83125 0.18125 0.140625
38 0.59609375 0.95 0.09453125 0.1
38 0.696875 0.959375 0.0734375 0.08125
38 0.403125 0.959375 0.10703125 0.08125
38 0.04296875 0.73828125 0.0859375 0.2859375
38 0.13359375 0.809375 0.1109375 0.18046875
38 0.028125 0.47734375 0.05625 0.1796875