60 0.478125 0.5609375 0.115625 0.1296875
22 0.3703125 0.61171875 0.1609375 0.0921875
37 0.77578125 0.61015625 0.1828125 0.0765625
146 0.51484375 0.86484375 0.1671875 0.1
85 0.3640625 0.88515625 0.125 0.0828125
23 0.765625 0.87578125 0.2109375 0.103125
60 0.80234375 0.18046875 0.128125 0.1078125
70 0.40390625 0.21875 0.253125 0.0640625
91 0.58828125 0.3921875 0.10625 0.153125
144 0.4125 0.44609375 0.2375 0.0921875
154 0.56953125 0.46015625 0.1953125 0.078125
72 0.7515625 0.45390625 0.19375 0.0640625