37 0.74375 0.46796875 0.2265625 0.0546875
49 0.77734375 0.6015625 0.075 0.0640625
46 0.553125 0.60234375 0.1765625 0.0625
31 0.3859375 0.609375 0.1359375 0.0625
148 0.37578125 0.8390625 0.115625 0.125
23 0.76484375 0.8765625 0.153125 0.103125
72 0.596875 0.890625 0.1640625 0.0875
91 0.7828125 0.17265625 0.10625 0.1515625
60 0.603125 0.19609375 0.128125 0.0953125
42 0.41328125 0.2046875 0.1828125 0.078125
18 0.5109375 0.43671875 0.0890625 0.05625
40 0.3921875 0.44765625 0.0875 0.06875
57 0.5625 0.45546875 0.1015625 0.0546875