70 0.640625 0.56171875 0.246875 0.0921875
94 0.30859375 0.58203125 0.1640625 0.090625
144 0.63125 0.5953125 0.2375 0.1125
74 0.465625 0.5953125 0.1890625 0.0984375
99 0.27265625 0.86171875 0.1359375 0.1109375
28 0.4390625 0.871875 0.146875 0.0703125
72 0.6671875 0.884375 0.2078125 0.1140625
76 0.446875 0.19140625 0.0609375 0.0984375
146 0.28984375 0.19921875 0.159375 0.0875
154 0.55078125 0.21171875 0.1765625 0.078125
22 0.67578125 0.22109375 0.1453125 0.071875
42 0.325 0.4140625 0.215625 0.0859375
33 0.6859375 0.45 0.19375 0.1015625
142 0.4890625 0.459375 0.1375 0.04375