22 0.4296875 0.58671875 0.159375 0.0984375
42 0.74296875 0.61171875 0.2046875 0.1015625
154 0.5578125 0.61015625 0.153125 0.090625
49 0.334375 0.61171875 0.0890625 0.0734375
121 0.4109375 0.85703125 0.2328125 0.065625
99 0.73515625 0.87109375 0.1328125 0.1375
146 0.3578125 0.9171875 0.18125 0.125
74 0.58125 0.953125 0.21875 0.090625
40 0.55078125 0.21015625 0.08125 0.05625
64 0.71171875 0.221875 0.10625 0.0546875
85 0.80390625 0.23203125 0.1328125 0.0421875
142 0.37421875 0.22421875 0.1390625 0.040625
76 0.74765625 0.42421875 0.06875 0.08125
148 0.55390625 0.4203125 0.1171875 0.1296875
144 0.42265625 0.4421875 0.2515625 0.1
70 0.775 0.45546875 0.2 0.09375
150 0.609375 0.46875 0.10625 0.0625