60 0.48125 0.559375 0.1359375 0.1140625
94 0.41015625 0.60234375 0.1625 0.109375
37 0.775 0.61171875 0.175 0.08125
142 0.5734375 0.62109375 0.1234375 0.0484375
146 0.5125 0.8640625 0.1671875 0.1078125
85 0.36640625 0.8859375 0.1234375 0.084375
23 0.765625 0.8765625 0.209375 0.103125
60 0.7890625 0.18359375 0.121875 0.109375
70 0.3984375 0.21796875 0.253125 0.065625
91 0.59453125 0.39140625 0.1125 0.1453125
144 0.41875 0.446875 0.2375 0.090625
154 0.565625 0.45859375 0.190625 0.0703125
72 0.75078125 0.4546875 0.1953125 0.0640625