60 0.40703125 0.5515625 0.159375 0.1265625
42 0.746875 0.61796875 0.2015625 0.1
94 0.36171875 0.6 0.1875 0.10625
37 0.54375 0.61640625 0.2234375 0.0890625
22 0.7640625 0.890625 0.184375 0.1328125
74 0.3921875 0.90078125 0.1890625 0.1
49 0.61171875 0.92109375 0.0859375 0.0765625
146 0.37578125 0.19453125 0.165625 0.0921875
40 0.60390625 0.215625 0.109375 0.0578125
142 0.78828125 0.24765625 0.1359375 0.0328125
154 0.54453125 0.446875 0.134375 0.084375
33 0.6484375 0.46015625 0.16875 0.0921875
85 0.76015625 0.46796875 0.1640625 0.05625
23 0.3796875 0.459375 0.190625 0.065625