23 0.7375 0.4578125 0.228125 0.059375
148 0.7421875 0.56328125 0.1109375 0.146875
60 0.33125 0.58984375 0.1390625 0.1265625
99 0.45703125 0.60234375 0.15625 0.1046875
22 0.6296875 0.60234375 0.203125 0.0875
49 0.75390625 0.60859375 0.08125 0.0703125
76 0.3484375 0.8484375 0.059375 0.103125
28 0.57265625 0.88671875 0.1421875 0.0828125
85 0.75 0.9 0.15625 0.09375
74 0.40234375 0.940625 0.2359375 0.103125
142 0.6671875 0.9578125 0.1796875 0.0734375
91 0.509375 0.1609375 0.11875 0.1859375
148 0.3640625 0.1859375 0.128125 0.134375
121 0.68203125 0.21171875 0.18125 0.065625
150 0.55390625 0.45078125 0.1484375 0.084375
64 0.35390625 0.46171875 0.096875 0.0578125