54 0.56444444375 0.47743682343750005 0.56555555625 0.42689530624999994 0.5555555562500001 0.3781588453125 0.522777778125 0.319494584375 0.48055555625 0.2888086640625 0.425 0.281588446875 0.38055555625 0.303249096875 0.35555555625 0.3366426 0.342222221875 0.37454873593750004 0.3411111109375 0.42870036093749997 0.35111111093749997 0.4720216609375 0.3761111109375 0.5198555953125 0.412777778125 0.561371840625 0.4438888890625 0.5794223828125 0.48 0.5821299640625 0.502777778125 0.575812275 0.5261111109375001 0.5595667875 0.5566666671875 0.5099277984375 0.56444444375 0.47743682343750005
54 0.7666666671875 0.322202165625 0.75444444375 0.2806859203125 0.722777778125 0.2382671484375 0.6716666671875 0.20938628124999997 0.63055555625 0.21480144375000002 0.6061111109375 0.2328519859375 0.577777778125 0.2770758125 0.56555555625 0.325812275 0.5666666671875 0.370938628125 0.5788888890624999 0.414259928125 0.6038888890624999 0.4566787 0.6438888890625 0.47472924218749996 0.6799999999999999 0.47563176875 0.7150000000000001 0.4638989171875 0.747777778125 0.42870036093749997 0.7677777781249999 0.37274368281250003 0.7666666671875 0.322202165625
54 0.3788888890625 0.2319494578125 0.36444444374999996 0.1651624546875 0.3361111109375 0.1064981953125 0.305 0.0740072203125 0.28055555625 0.06317689531250001 0.25833333281250004 0.06317689531250001 0.232777778125 0.0740072203125 0.2066666671875 0.10740072187500001 0.1933333328125 0.145306859375 0.19 0.204873646875 0.197777778125 0.2590252703125 0.21777777812500002 0.3131768953125 0.257222221875 0.3700361015625 0.2916666671875 0.395306859375 0.322222221875 0.3998194953125 0.33888888906250003 0.392599278125 0.35 0.3456678703125 0.3811111109375 0.2987364625 0.3788888890625 0.2319494578125
54 0.5811111109375 0.2120938625 0.5811111109375 0.13267147968749998 0.5583333328125 0.077617328125 0.51944444375 0.039711190625 0.47277777812500005 0.0288808671875 0.43833333281250003 0.036101082812500004 0.41500000000000004 0.0487364625 0.3811111109375 0.091155234375 0.3688888890625 0.1308664265625 0.36666666718749996 0.1651624546875 0.377777778125 0.215703971875 0.39388888906249997 0.24729241875 0.42055555624999996 0.2779783390625 0.4683333328125 0.281588446875 0.522222221875 0.305956678125 0.5338888890625 0.30144404375 0.5527777781250001 0.27978339375 0.5700000000000001 0.25 0.5811111109375 0.2120938625
54 0.8233333328124999 0.699458484375 0.8311111109375 0.6326714796874999 0.8266666671875 0.564079421875 0.8133333328125 0.5189530687499999 0.7883333328125001 0.49097472968750006 0.7461111109375 0.489169675 0.7061111109375 0.5180505421875 0.662222221875 0.5821299640625 0.6488888890625 0.6092057765625001 0.6388888890625 0.6471119140625 0.63444444375 0.7193140796875 0.6488888890625 0.782490975 0.6816666671875 0.82851985625 0.7038888890624999 0.83935018125 0.7233333328125 0.838447653125 0.7505555562499999 0.82851985625 0.77944444375 0.803249096875 0.8044444437499999 0.7626353796875 0.8233333328124999 0.699458484375
54 1 0.5333935015625 0.9783333328125 0.49097472968750006 0.9427777781250001 0.467509025 0.905 0.4729241875 0.875 0.49819494531249997 0.85 0.54061371875 0.8333333328125001 0.6055956671875 0.832222221875 0.6922382671875 0.8466666671875 0.7608303249999999 0.86944444375 0.7996389890625 0.9033333328125 0.81498195 0.9338888890625 0.8068592062500001 0.95944444375 0.7833935015625 0.9866666671875001 0.7373646203125 1 0.7030685921875001 1 0.5333935015625
54 1 0.1200361015625 0.9783333328125 0.0812274375 0.94944444375 0.059566787499999996 0.9083333328125001 0.055956678125000006 0.8605555562499999 0.0848375453125 0.82 0.1416967515625 0.8066666671875 0.1705776171875 0.7977777781250001 0.20848375468749997 0.7977777781250001 0.2680505421875 0.8194444437499999 0.31768953125 0.8550000000000001 0.341155234375 0.8977777781249999 0.3420577625 0.91944444375 0.3375451265625 0.9561111109375 0.3158844765625 0.9761111109374999 0.292418771875 1 0.2445848375 1 0.1200361015625
54 0.632222221875 0.6868231046875 0.63555555625 0.634476534375 0.6244444437500001 0.580324909375 0.5983333328125 0.532490975 0.5727777781250001 0.5162454875 0.557222221875 0.5144404328125 0.5261111109375001 0.561371840625 0.47944444375 0.5866426 0.467777778125 0.612815884375 0.457777778125 0.661552346875 0.45222222187499994 0.7337545125 0.4611111109375 0.7969314078124999 0.4761111109375 0.8231046937500001 0.497222221875 0.841155234375 0.527777778125 0.8438628156249999 0.5583333328125 0.8267148015625001 0.5994444437500001 0.7761732859375 0.617777778125 0.7391696750000001 0.632222221875 0.6868231046875
54 0.44611111093750005 0.7815884468750001 0.407222221875 0.7490974734375 0.377222221875 0.7346570390625 0.335 0.7436823109375 0.3088888890625 0.7770758125 0.2988888890625 0.8167870031250001 0.3011111109375 0.8944043328125 0.3133333328125 0.9503610109375 0.335 1 0.49555555625 0.9990974734375 0.5033333328125 0.9666064984375 0.497777778125 0.8853790609375001 0.47555555624999996 0.8276173281249999 0.44611111093750005 0.7815884468750001
54 0.19555555625 0.25541516249999996 0.18777777812500002 0.19223826718749998 0.1766666671875 0.166967509375 0.1416666671875 0.1191335734375 0.1061111109375 0.099277978125 0.07055555625 0.1010830328125 0.0361111109375 0.1299638984375 0.014444443749999999 0.18321299687499998 0.0111111109375 0.2445848375 0.02 0.3023465703125 0.045555556250000004 0.3619133578125 0.082777778125 0.4043321296875 0.12166666718750001 0.38447653437499996 0.147222221875 0.38447653437499996 0.18555555625 0.4052346578125 0.20444444375 0.3691335734375 0.21111111093749999 0.3312274375 0.21111111093749999 0.3023465703125 0.19555555625 0.25541516249999996
54 0.22000000000000003 0.49548736406250005 0.21111111093749999 0.45397111875 0.1861111109375 0.4097472921875 0.15944444375 0.389891696875 0.12166666718750001 0.3862815890625 0.082777778125 0.4079422375 0.052222221874999995 0.4503610109375 0.035555556249999995 0.5045126359375 0.0333333328125 0.55685920625 0.045555556250000004 0.6164259921874999 0.0661111109375 0.6516245484375001 0.0983333328125 0.6768953062499999 0.13555555625 0.6796028875 0.17055555625000002 0.66064981875 0.20444444375 0.6092057765625001 0.21888888906249998 0.5550541515625 0.22000000000000003 0.49548736406250005
54 0.84055555625 0.9747292421875 0.8438888890625 0.9801444046875 0.905 0.97833935 0.90944444375 0.9729241875 0.9427777781250001 0.9765342953125 0.9511111109374999 0.95397111875 0.9488888890625 0.9124548734375001 0.9411111109375 0.887184115625 0.9238888890625001 0.8574007218749999 0.87944444375 0.814079421875 0.835 0.797833934375 0.7761111109375001 0.8104693140625001 0.747222221875 0.835740071875 0.72 0.887184115625 0.7133333328125 0.92148014375 0.71555555625 0.9828519859375 0.7216666671875 1 0.81444444375 0.9990974734375 0.8788888890625 0.9936823109375 0.827222221875 0.989169675 0.817222221875 0.9747292421875 0.84055555625 0.9747292421875
54 0.2166666671875 0.805956678125 0.212222221875 0.7770758125 0.1838888890625 0.7220216609375 0.147222221875 0.696750903125 0.09388888906250001 0.6949458484375 0.048333332812500004 0.71480144375 0.022777778125000002 0.7436823109375 0.0011111109375000002 0.782490975 0.0011111109375000002 0.8925992781250001 0.0361111109375 0.9422382671875 0.0861111109375 0.9620938625000001 0.12 0.9611913359375001 0.17055555625000002 0.9368231046875 0.2 0.8998194953124999 0.21555555625 0.8456678703125 0.2166666671875 0.805956678125