42 0.184375 0.4734375 0.20078125 0.86015625
42 0.4671875 0.278125 0.2578125 0.39375
42 0.4765625 0.73359375 0.24765625 0.45625
42 0.72421875 0.13828125 0.12109375 0.10390625
42 0.85625 0.1390625 0.1171875 0.11953125
42 0.70390625 0.284375 0.08515625 0.1484375
42 0.8 0.28046875 0.08046875 0.16015625
42 0.89453125 0.27421875 0.07890625 0.14375
42 0.67890625 0.46796875 0.0484375 0.171875
42 0.75390625 0.43125 0.078125 0.1265625
42 0.84140625 0.434375 0.078125 0.12578125
42 0.91875 0.453125 0.0515625 0.16171875
42 0.71640625 0.76015625 0.1046875 0.26640625
42 0.834375 0.7421875 0.10078125 0.28125