83 0.52578125 0.3859375 0.18828125 0.16796875
83 0.94375 0.27421875 0.11171875 0.16015625
83 0.65078125 0.83125 0.1640625 0.16015625
83 0.8890625 0.93828125 0.1859375 0.1234375
83 0.79765625 0.68125 0.128125 0.12734375
83 0.50078125 0.20390625 0.13828125 0.16015625
83 0.771875 0.0765625 0.08203125 0.12578125
83 0.25 0.0390625 0.1859375 0.078125
83 0.28125 0.20390625 0.1734375 0.11328125
83 0.13515625 0.4890625 0.1515625 0.13515625
83 0.48125 0.6953125 0.09921875 0.12421875
83 0.2203125 0.8640625 0.11875 0.08984375
83 0.2453125 0.95625 0.17734375 0.0875