101 0.42265625 0.83046875 0.12265625 0.2984375
101 0.7515625 0.74609375 0.12421875 0.22578125
101 0.85546875 0.6359375 0.12109375 0.24296875
101 0.89375 0.490625 0.13515625 0.19453125
101 0.87421875 0.34375 0.15703125 0.15078125
101 0.83125 0.2015625 0.128125 0.128125
101 0.73515625 0.14140625 0.0890625 0.15546875
101 0.64375 0.57734375 0.13203125 0.19453125
101 0.7234375 0.421875 0.1375 0.125
101 0.4234375 0.39609375 0.146875 0.14140625
101 0.50234375 0.58125 0.13828125 0.21328125
101 0.46953125 0.26953125 0.1 0.1375
101 0.57890625 0.2296875 0.10859375 0.12890625
101 0.6953125 0.31015625 0.13203125 0.13203125
101 0.24609375 0.615625 0.21484375 0.17890625
101 0.18203125 0.4515625 0.21015625 0.14140625
101 0.215625 0.31484375 0.15234375 0.1453125
101 0.2546875 0.215625 0.1015625 0.13671875
101 0.3359375 0.1609375 0.09140625 0.14609375
83 0.83828125 0.90546875 0.11953125 0.14296875
83 0.91328125 0.83984375 0.128125 0.14296875
83 0.73828125 0.9234375 0.09453125 0.15234375
83 0.65 0.9375 0.08671875 0.125
83 0.559375 0.934375 0.0890625 0.13046875
83 0.38046875 0.08203125 0.075 0.11015625