13 0.153125 0.0921875 0.134375 0.11875
13 0.284375 0.084375 0.140625 0.115625
13 0.41796875 0.09375 0.134375 0.128125
13 0.54296875 0.10390625 0.13125 0.1203125
16 0.61484375 0.3921875 0.125 0.071875
16 0.70546875 0.39921875 0.090625 0.0765625
16 0.80078125 0.39921875 0.109375 0.0671875
3 0.40234375 0.675 0.103125 0.090625
3 0.575 0.6734375 0.125 0.0875
3 0.665625 0.675 0.115625 0.08125
3 0.78046875 0.671875 0.128125 0.08125
7 0.2 0.8484375 0.234375 0.071875
7 0.38984375 0.85078125 0.203125 0.0703125
7 0.5375 0.85078125 0.171875 0.0765625