16 0.184375 0.85859375 0.0984375 0.0703125
16 0.246875 0.8140625 0.103125 0.059375
16 0.36796875 0.8046875 0.10625 0.059375
3 0.496875 0.1609375 0.09375 0.034375
3 0.653125 0.31640625 0.1140625 0.0578125
3 0.728125 0.31796875 0.09375 0.0609375
7 0.26953125 0.3328125 0.0734375 0.05
7 0.33828125 0.33671875 0.090625 0.0546875
7 0.42109375 0.33984375 0.0921875 0.0484375
3 0.33671875 0.87265625 0.1359375 0.0765625
13 0.58203125 0.53828125 0.0859375 0.0671875
13 0.78671875 0.56953125 0.11875 0.0796875
13 0.528125 0.3203125 0.1359375 0.065625
13 0.809375 0.30234375 0.11875 0.0734375