13 0.15703125 0.8859375 0.121875 0.103125
13 0.39453125 0.86953125 0.115625 0.0921875
13 0.503125 0.80546875 0.11875 0.0921875
13 0.38125 0.7875 0.115625 0.075
3 0.28203125 0.85625 0.11875 0.109375
3 0.67421875 0.634375 0.134375 0.09375
3 0.478125 0.63125 0.14375 0.115625
3 0.3375 0.64140625 0.1375 0.0953125
16 0.240625 0.6265625 0.10625 0.071875
16 0.34921875 0.58046875 0.09375 0.0640625
16 0.40703125 0.60625 0.08125 0.059375
5 0.8125 0.86953125 0.153125 0.2078125
5 0.915625 0.93046875 0.16875 0.1390625
5 0.78125 0.5359375 0.175 0.159375
5 0.57421875 0.33359375 0.096875 0.0484375
7 0.584375 0.53671875 0.340625 0.0796875