16 0.67109375 0.16796875 0.0671875 0.109375
16 0.67890625 0.278125 0.0765625 0.134375
16 0.6703125 0.4 0.065625 0.125
3 0.67578125 0.559375 0.0703125 0.11875
3 0.68203125 0.625 0.0640625 0.071875
3 0.68203125 0.69921875 0.0703125 0.11875
13 0.43515625 0.60546875 0.0671875 0.109375
13 0.43828125 0.71640625 0.0734375 0.1
13 0.465625 0.51796875 0.05 0.071875
13 0.475 0.61015625 0.03125 0.1
7 0.2140625 0.32578125 0.1375 0.10625
7 0.234375 0.44765625 0.11875 0.171875
7 0.1984375 0.47890625 0.109375 0.225