16 0.809375 0.16953125 0.103125 0.0796875
16 0.67734375 0.16953125 0.090625 0.0796875
16 0.57265625 0.17109375 0.0875 0.0640625
16 0.621875 0.18671875 0.078125 0.0765625
13 0.76484375 0.33046875 0.121875 0.1015625
13 0.62734375 0.54765625 0.096875 0.0640625
13 0.46640625 0.5828125 0.115625 0.075
13 0.475 0.5515625 0.109375 0.065625
5 0.45078125 0.821875 0.240625 0.109375
5 0.35546875 0.865625 0.228125 0.115625
5 0.71953125 0.7953125 0.28125 0.146875
3 0.64609375 0.321875 0.121875 0.103125
3 0.51796875 0.32578125 0.121875 0.1046875
3 0.55234375 0.54375 0.0625 0.053125
3 0.359375 0.55234375 0.08125 0.0546875
7 0.23046875 0.58203125 0.103125 0.0890625
7 0.334375 0.58515625 0.10625 0.0765625
7 0.375 0.7703125 0.053125 0.103125