3 0.42578125 0.621875 0.0765625 0.10625
3 0.44765625 0.57890625 0.0671875 0.084375
3 0.44140625 0.50078125 0.0609375 0.071875
3 0.12265625 0.53046875 0.0984375 0.109375
16 0.81015625 0.84375 0.0640625 0.0953125
16 0.80703125 0.77109375 0.0640625 0.0875
16 0.7984375 0.68203125 0.040625 0.090625
16 0.63046875 0.565625 0.0703125 0.103125
7 0.7953125 0.41953125 0.040625 0.084375
7 0.80078125 0.30390625 0.0453125 0.175
7 0.07109375 0.728125 0.1421875 0.253125
13 0.25703125 0.43359375 0.0640625 0.090625
13 0.25703125 0.36015625 0.0703125 0.078125
13 0.63671875 0.66171875 0.0953125 0.103125
13 0.6453125 0.496875 0.08125 0.11875
5 0.12890625 0.725 0.1234375 0.290625
5 0.1328125 0.37265625 0.15625 0.284375