5 0.1140625 0.58671875 0.0875 0.378125
5 0.1671875 0.58125 0.075 0.3546875
7 0.14140625 0.22890625 0.0515625 0.390625
7 0.18515625 0.23125 0.0296875 0.3875
16 0.16796875 0.83046875 0.0671875 0.13125
13 0.6390625 0.61640625 0.090625 0.125
13 0.63671875 0.75078125 0.0953125 0.140625
13 0.621875 0.8375 0.078125 0.121875
13 0.60703125 0.678125 0.0640625 0.08125
3 0.65 0.43515625 0.084375 0.1
3 0.671875 0.34453125 0.09375 0.153125
3 0.60703125 0.31953125 0.0546875 0.11875
3 0.57421875 0.31171875 0.0328125 0.115625