13 0.1734375 0.11953125 0.075 0.13125
13 0.20625 0.41953125 0.015625 0.059375
13 0.7125 0.50703125 0.0625 0.08125
3 0.78671875 0.703125 0.0734375 0.096875
3 0.53359375 0.39921875 0.0265625 0.053125
13 0.55078125 0.48828125 0.0546875 0.084375
7 0.36953125 0.57109375 0.0359375 0.3375
7 0.35859375 0.15546875 0.0515625 0.084375
7 0.36171875 0.33984375 0.0453125 0.1125
16 0.71328125 0.43125 0.0484375 0.071875
16 0.6984375 0.39296875 0.034375 0.040625
16 0.6828125 0.46015625 0.0125 0.0375
3 0.35703125 0.75390625 0.0453125 0.021875