16 0.32890625 0.659375 0.0515625 0.103125
16 0.3296875 0.565625 0.0625 0.09375
16 0.72421875 0.50078125 0.0390625 0.071875
16 0.69296875 0.3625 0.0390625 0.059375
13 0.53984375 0.69140625 0.0640625 0.090625
13 0.5 0.653125 0.021875 0.034375
13 0.68984375 0.42421875 0.0453125 0.071875
13 0.73046875 0.39921875 0.0578125 0.08125
3 0.32578125 0.48359375 0.0578125 0.078125
3 0.515625 0.61015625 0.053125 0.0875
3 0.48984375 0.44375 0.0140625 0.046875
5 0.559375 0.30234375 0.10625 0.246875
5 0.52109375 0.43203125 0.0578125 0.15625
5 0.58125 0.46328125 0.0625 0.09375
7 0.55546875 0.61171875 0.0359375 0.059375
7 0.52734375 0.54453125 0.0390625 0.06875
7 0.57421875 0.54140625 0.0390625 0.078125