121 0.353125 0.7796875 0.30078125 0.2671875
121 0.56796875 0.66953125 0.15 0.378125
121 0.753125 0.57421875 0.24921875 0.46875
121 0.7296875 0.90078125 0.31875 0.19765625
121 0.08359375 0.85546875 0.1671875 0.24296875
121 0.1875 0.365625 0.28671875 0.2765625
144 0.5703125 0.3 0.14375 0.36953125
144 0.7328125 0.165625 0.15703125 0.33046875
144 0.92890625 0.41640625 0.1421875 0.26015625
144 0.37734375 0.546875 0.215625 0.25859375
144 0.4171875 0.08984375 0.2 0.1796875
144 0.125 0.11328125 0.24921875 0.2265625
144 0.4109375 0.3078125 0.17421875 0.2421875