121 0.43671875 0.7890625 0.21953125 0.17734375
121 0.2546875 0.4609375 0.18125 0.28359375
121 0.4578125 0.34375 0.21953125 0.47578125
121 0.76640625 0.7421875 0.3328125 0.28359375
121 0.30234375 0.075 0.24609375 0.15
121 0.615625 0.2046875 0.24765625 0.2203125
121 0.91796875 0.28671875 0.16328125 0.309375
121 0.78671875 0.34609375 0.14140625 0.2609375
121 0.7171875 0.54140625 0.30546875 0.18984375
121 0.07109375 0.40703125 0.1421875 0.30546875
121 0.084375 0.74765625 0.16875 0.4296875
121 0.31015625 0.65703125 0.14296875 0.20234375