2 0.25703125 0.54453125 0.1609375 0.20625
2 0.4609375 0.6484375 0.16171875 0.24296875
2 0.465625 0.871875 0.1875 0.22109375
2 0.24609375 0.7515625 0.1828125 0.2359375
2 0.1 0.63671875 0.15703125 0.278125
2 0.1609375 0.8953125 0.14140625 0.209375
2 0.290625 0.90390625 0.13984375 0.1921875
2 0.28984375 0.23828125 0.15546875 0.2453125
2 0.5953125 0.825 0.11328125 0.24453125
2 0.77734375 0.89140625 0.17109375 0.2171875
2 0.8671875 0.6671875 0.1515625 0.18203125
2 0.909375 0.478125 0.15703125 0.2046875
2 0.7453125 0.5125 0.15078125 0.2375
2 0.60234375 0.5203125 0.11640625 0.23203125
2 0.753125 0.26484375 0.1828125 0.246875
2 0.4140625 0.16640625 0.146875 0.2125