2 0.1296875 0.4265625 0.15078125 0.09765625
2 0.26328125 0.58125 0.16171875 0.12421875
2 0.06875 0.6609375 0.1375 0.096875
2 0.04375 0.53671875 0.08671875 0.125
2 0.11328125 0.7640625 0.1515625 0.1140625
2 0.21015625 0.69765625 0.1734375 0.13984375
2 0.10234375 0.8796875 0.14609375 0.13125
2 0.31796875 0.8015625 0.15390625 0.11875
2 0.1625 0.959375 0.146875 0.08125
2 0.42734375 0.70546875 0.1390625 0.13203125
2 0.5671875 0.71484375 0.1625 0.121875
2 0.628125 0.80703125 0.16953125 0.1140625
2 0.6109375 0.91328125 0.1734375 0.11171875
2 0.89140625 0.93359375 0.15546875 0.1328125
2 0.9328125 0.8203125 0.13359375 0.1265625
2 0.8796875 0.71953125 0.0984375 0.09375
2 0.71328125 0.69609375 0.14921875 0.09921875
2 0.58671875 0.540625 0.125 0.1
2 0.44765625 0.51640625 0.16015625 0.13359375
2 0.28203125 0.315625 0.1171875 0.10390625
2 0.24765625 0.49921875 0.13671875 0.08828125
2 0.48984375 0.3140625 0.1109375 0.0953125
2 0.5390625 0.40703125 0.13671875 0.1046875
2 0.73671875 0.37890625 0.1359375 0.10859375
2 0.7015625 0.496875 0.12578125 0.09140625
2 0.89296875 0.62890625 0.171875 0.13515625
2 0.85078125 0.42734375 0.15625 0.11875
2 0.7703125 0.25234375 0.13046875 0.1140625
2 0.88125 0.30625 0.13046875 0.12421875
2 0.5921875 0.1640625 0.153125 0.10078125
2 0.41796875 0.25546875 0.13671875 0.10625
2 0.096875 0.21015625 0.128125 0.0921875
2 0.171875 0.15390625 0.13203125 0.10390625
2 0.2796875 0.11796875 0.1140625 0.07578125
2 0.38515625 0.04453125 0.1203125 0.0734375
2 0.69296875 0.0875 0.1328125 0.071875
2 0.840625 0.11171875 0.12578125 0.07734375
2 0.92109375 0.16484375 0.09609375 0.090625
2 0.884375 0.05859375 0.1015625 0.10546875
2 0.79296875 0.040625 0.12734375 0.06953125