2 0.5796875 0.640625 0.17421875 0.27890625
2 0.73203125 0.39609375 0.1625 0.31171875
2 0.57734375 0.10703125 0.13828125 0.20546875
2 0.49765625 0.19609375 0.134375 0.23984375
2 0.35546875 0.30625 0.16640625 0.29296875
2 0.4015625 0.5375 0.171875 0.30625
2 0.2734375 0.80078125 0.16875 0.27265625
2 0.06953125 0.65390625 0.1390625 0.2703125
2 0.86953125 0.8078125 0.1421875 0.25078125
2 0.8453125 0.58828125 0.1375 0.246875
2 0.18828125 0.5109375 0.13125 0.24375
2 0.05625 0.47734375 0.1125 0.2125
2 0.471875 0.67578125 0.12109375 0.19375