2 0.1953125 0.52265625 0.15 0.2140625
2 0.09609375 0.65546875 0.12109375 0.20546875
2 0.10234375 0.8484375 0.1046875 0.17421875
2 0.22421875 0.865625 0.14375 0.21875
2 0.26875 0.68984375 0.153125 0.196875
2 0.37421875 0.92578125 0.1484375 0.14765625
2 0.4296875 0.8203125 0.16640625 0.18671875
2 0.40078125 0.6484375 0.13203125 0.18984375
2 0.565625 0.6671875 0.14296875 0.2109375
2 0.5875 0.84765625 0.1328125 0.171875
2 0.703125 0.91640625 0.14609375 0.16640625
2 0.5953125 0.94921875 0.140625 0.1015625
2 0.72578125 0.746875 0.12734375 0.19765625
2 0.82421875 0.8546875 0.1421875 0.1984375
2 0.865625 0.94609375 0.13671875 0.10703125
2 0.9125 0.77421875 0.1203125 0.19453125
2 0.95546875 0.903125 0.0890625 0.1734375
2 0.721875 0.5625 0.1140625 0.1765625
2 0.8234375 0.50625 0.1171875 0.18828125
2 0.93671875 0.58671875 0.11484375 0.19375
2 0.57578125 0.4921875 0.1234375 0.1734375
2 0.5703125 0.30078125 0.12109375 0.196875
2 0.6765625 0.38046875 0.13515625 0.19921875
2 0.8640625 0.36953125 0.11171875 0.18671875
2 0.9515625 0.43984375 0.096875 0.17890625
2 0.7609375 0.29375 0.14140625 0.1796875
2 0.90859375 0.23046875 0.1203125 0.15078125
2 0.728125 0.1265625 0.13046875 0.153125
2 0.6625 0.2140625 0.109375 0.17421875
2 0.8859375 0.11015625 0.12421875 0.13359375
2 0.5015625 0.153125 0.12109375 0.18984375
2 0.465625 0.39375 0.12421875 0.178125
2 0.48125 0.55 0.13203125 0.17734375
2 0.35390625 0.49609375 0.134375 0.18515625
2 0.3359375 0.31328125 0.13125 0.21328125
2 0.1984375 0.36328125 0.14296875 0.190625
2 0.0765625 0.4734375 0.12109375 0.18671875
2 0.03984375 0.30625 0.0796875 0.18828125
2 0.12734375 0.29375 0.11015625 0.1828125
2 0.25078125 0.21328125 0.14140625 0.1890625
2 0.39609375 0.0953125 0.1109375 0.16484375
2 0.62578125 0.0671875 0.12109375 0.134375