2 0.55859375 0.7609375 0.4328125 0.384375
2 0.8484375 0.8671875 0.303125 0.265625
2 0.43515625 0.9359375 0.39375 0.128125
2 0.13359375 0.865625 0.2671875 0.26875
2 0.08125 0.63671875 0.16171875 0.2125
2 0.1203125 0.4390625 0.240625 0.246875
2 0.31875 0.353125 0.28359375 0.2453125
2 0.665625 0.46484375 0.36484375 0.23984375
2 0.378125 0.5875 0.2625 0.21796875
2 0.24140625 0.759375 0.240625 0.23984375
2 0.93828125 0.671875 0.1234375 0.20625
2 0.91171875 0.2796875 0.1765625 0.30390625
2 0.4046875 0.1171875 0.2953125 0.19609375
2 0.10703125 0.2171875 0.2140625 0.20390625
2 0.24296875 0.0453125 0.2953125 0.090625
2 0.47578125 0.28203125 0.2515625 0.1609375
2 0.6640625 0.16953125 0.2453125 0.19140625
2 0.74765625 0.3640625 0.284375 0.18046875