2 0.06015625 0.28046875 0.1203125 0.1421875
2 0.04921875 0.12578125 0.09765625 0.115625
2 0.2171875 0.1609375 0.13359375 0.1375
2 0.3828125 0.14921875 0.13203125 0.128125
2 0.46171875 0.23515625 0.11484375 0.12734375
2 0.52265625 0.08125 0.13359375 0.1359375
2 0.71484375 0.1359375 0.13359375 0.1390625
2 0.775 0.29375 0.1203125 0.1390625
2 0.86796875 0.41171875 0.1515625 0.1390625
2 0.62109375 0.29765625 0.1296875 0.13046875
2 0.45625 0.37734375 0.1296875 0.1203125
2 0.11640625 0.43203125 0.11796875 0.12734375
2 0.17734375 0.525 0.11640625 0.10859375
2 0.0578125 0.584375 0.115625 0.121875
2 0.1828125 0.6625 0.13203125 0.1328125
2 0.29765625 0.73515625 0.12734375 0.13359375
2 0.20546875 0.8515625 0.14296875 0.13359375
2 0.09375 0.80625 0.11015625 0.128125
2 0.36328125 0.8859375 0.11875 0.13125
2 0.45546875 0.81015625 0.12734375 0.1359375
2 0.61171875 0.86015625 0.12265625 0.1296875
2 0.5484375 0.69453125 0.1328125 0.14453125
2 0.61015625 0.5953125 0.1375 0.12578125
2 0.40390625 0.64921875 0.12890625 0.12109375
2 0.73515625 0.72265625 0.12890625 0.12578125
2 0.7625 0.53671875 0.14140625 0.128125
2 0.884375 0.59375 0.13515625 0.12734375
2 0.95 0.68046875 0.09921875 0.1328125
2 0.5890625 0.4609375 0.1390625 0.12578125
2 0.9171875 0.13671875 0.12890625 0.1375
2 0.57890625 0.96796875 0.1171875 0.0640625
2 0.31796875 0.34296875 0.14296875 0.15546875