159 0.4109375 0.62265625 0.20078125 0.29375
159 0.7734375 0.8671875 0.18828125 0.265625
159 0.93359375 0.87890625 0.1328125 0.24140625
159 0.934375 0.621875 0.13125 0.2890625
159 0.4171875 0.878125 0.178125 0.24296875
159 0.07421875 0.62109375 0.1484375 0.26328125
159 0.234375 0.35234375 0.18203125 0.29609375
159 0.590625 0.1109375 0.1921875 0.221875
159 0.76796875 0.10703125 0.1796875 0.2140625
159 0.4078125 0.11328125 0.17734375 0.2265625
159 0.58828125 0.35390625 0.17578125 0.25546875
159 0.07734375 0.11015625 0.1546875 0.2203125