2 0.728125 0.32890625 0.14296875 0.18671875
2 0.2703125 0.20859375 0.4671875 0.41640625
2 0.746875 0.42109375 0.5 0.84140625
2 0.75 0.525 0.16015625 0.20546875
2 0.88203125 0.32265625 0.1453125 0.1921875
2 0.8625 0.13515625 0.13671875 0.19609375
2 0.58046875 0.52265625 0.15859375 0.20859375
2 0.59375 0.75078125 0.15703125 0.2109375
2 0.91640625 0.73046875 0.1609375 0.21171875
2 0.27734375 0.31875 0.16328125 0.19921875
2 0.43203125 0.31796875 0.13046875 0.1890625
2 0.275 0.13203125 0.1375 0.175
2 0.73046875 0.13515625 0.153125 0.19296875