2 0.496875 0.534375 0.66875 0.68515625
2 0.359375 0.50859375 0.12734375 0.14765625
2 0.52578125 0.86640625 0.1328125 0.18671875
2 0.63984375 0.82109375 0.12578125 0.18515625
2 0.7125 0.57734375 0.103125 0.1921875
2 0.28203125 0.75234375 0.13359375 0.1703125
2 0.4828125 0.68359375 0.13203125 0.14296875
2 0.20625 0.54453125 0.1125 0.15
2 0.33671875 0.2609375 0.1078125 0.13671875
2 0.25625 0.31328125 0.10859375 0.1453125
2 0.62734375 0.25703125 0.084375 0.1515625
2 0.61484375 0.37578125 0.1078125 0.1109375
2 0.521875 0.3828125 0.10859375 0.12421875