4 0.55234375 0.48671875 0.8953125 0.9734375
4 0.24296875 0.56640625 0.3453125 0.1578125
4 0.27421875 0.725 0.3484375 0.18125
4 0.22734375 0.36796875 0.1640625 0.2859375
4 0.31484375 0.43203125 0.2765625 0.1859375
4 0.37421875 0.28515625 0.2140625 0.2703125
4 0.41171875 0.93515625 0.1921875 0.1265625
4 0.52265625 0.14140625 0.3921875 0.1296875
4 0.52734375 0.4984375 0.3328125 0.2
4 0.61796875 0.17578125 0.3515625 0.1546875
4 0.5578125 0.70703125 0.146875 0.2171875
4 0.69140625 0.75 0.1921875 0.196875
4 0.746875 0.32890625 0.259375 0.2359375
4 0.8171875 0.528125 0.2 0.328125