2 0.30546875 0.69609375 0.6109375 0.60703125
2 0.75703125 0.23046875 0.484375 0.40703125
2 0.79765625 0.678125 0.403125 0.63671875
2 0.35078125 0.575 0.13203125 0.26015625
2 0.09453125 0.5984375 0.11640625 0.2078125
2 0.478125 0.58671875 0.11875 0.228125
2 0.28671875 0.7546875 0.12109375 0.19296875
2 0.2234375 0.60078125 0.13125 0.2265625
2 0.55546875 0.74921875 0.115625 0.178125
2 0.9046875 0.5515625 0.10390625 0.20625
2 0.78515625 0.57421875 0.1171875 0.18125
2 0.73515625 0.0875 0.16171875 0.10390625
2 0.90625 0.19140625 0.14453125 0.121875