3 0.190625 0.696875 0.121875 0.25859375
3 0.328125 0.27421875 0.1375 0.19765625
3 0.56796875 0.18515625 0.140625 0.2390625
3 0.84609375 0.203125 0.165625 0.2015625
3 0.7796875 0.35703125 0.17109375 0.2140625
3 0.84765625 0.64296875 0.15078125 0.1984375
3 0.51640625 0.57734375 0.2046875 0.19453125
3 0.59140625 0.3140625 0.134375 0.1671875
3 0.39921875 0.44296875 0.140625 0.21640625
3 0.5359375 0.60078125 0.178125 0.20703125
3 0.515625 0.8125 0.16171875 0.259375
3 0.28828125 0.65078125 0.1140625 0.2421875