2 0.51015625 0.32890625 0.27421875 0.41875
2 0.14453125 0.47578125 0.26328125 0.42421875
2 0.56484375 0.84296875 0.30390625 0.2890625
2 0.8703125 0.22109375 0.2453125 0.365625
2 0.51484375 0.35 0.0515625 0.09375
2 0.57734375 0.32578125 0.06015625 0.10546875
2 0.5625 0.24296875 0.05078125 0.09921875
2 0.503125 0.25625 0.05859375 0.103125
2 0.44765625 0.2640625 0.05859375 0.0875
2 0.4578125 0.3640625 0.06484375 0.10859375
2 0.39453125 0.3859375 0.0625 0.09921875
2 0.396875 0.4859375 0.06875 0.0875
2 0.41328125 0.5875 0.0703125 0.10546875
2 0.5359375 0.53515625 0.0578125 0.1078125