4 0.21205357142857142 0.29464285714285715 0.42410714285714285 0.4732142857142857
4 0.27232142857142855 0.5625 0.4017857142857143 0.375
4 0.35714285714285715 0.7834821428571429 0.34375 0.29017857142857145
4 0.5267857142857143 0.24330357142857142 0.17410714285714285 0.25892857142857145
4 0.46205357142857145 0.38839285714285715 0.16964285714285715 0.26339285714285715
4 0.7165178571428571 0.26339285714285715 0.24107142857142858 0.3794642857142857
4 0.8794642857142857 0.27232142857142855 0.19196428571428573 0.3482142857142857
4 0.8415178571428571 0.515625 0.23660714285714285 0.30357142857142855
4 0.8169642857142857 0.703125 0.2857142857142857 0.24107142857142858
4 0.765625 0.8683035714285714 0.22767857142857142 0.20089285714285715
4 0.6004464285714286 0.5558035714285714 0.25 0.29017857142857145
4 0.5714285714285714 0.8080357142857143 0.2857142857142857 0.25892857142857145