9 0.5491071428571429 0.7455357142857143 0.16071428571428573 0.21428571428571427
9 0.4375 0.7767857142857143 0.12053571428571429 0.14732142857142858
9 0.3549107142857143 0.7142857142857143 0.14285714285714285 0.19196428571428573
9 0.26785714285714285 0.6763392857142857 0.12946428571428573 0.1875
9 0.19196428571428573 0.5959821428571429 0.11607142857142858 0.14732142857142858
9 0.1875 0.5066964285714286 0.12946428571428573 0.15625
9 0.4330357142857143 0.6495535714285714 0.11160714285714286 0.15625
9 0.6584821428571429 0.6986607142857143 0.125 0.18303571428571427
9 0.7053571428571429 0.6205357142857143 0.14732142857142858 0.17410714285714285
9 0.5267857142857143 0.4642857142857143 0.13839285714285715 0.17857142857142858
9 0.49107142857142855 0.31919642857142855 0.14285714285714285 0.1875
9 0.4375 0.5245535714285714 0.09375 0.13392857142857142
9 0.40625 0.4174107142857143 0.10714285714285714 0.14285714285714285
9 0.3325892857142857 0.39955357142857145 0.11160714285714286 0.16517857142857142
9 0.28125 0.5089285714285714 0.10714285714285714 0.15625
9 0.36160714285714285 0.515625 0.11160714285714286 0.12053571428571429
9 0.21428571428571427 0.30580357142857145 0.13392857142857142 0.16517857142857142
9 0.31026785714285715 0.2857142857142857 0.11160714285714286 0.15625
9 0.20982142857142858 0.16964285714285715 0.12946428571428573 0.17857142857142858
9 0.44642857142857145 0.10044642857142858 0.12053571428571429 0.15625
9 0.36830357142857145 0.07589285714285714 0.10714285714285714 0.13839285714285715
9 0.4107142857142857 0.29910714285714285 0.125 0.14732142857142858
9 0.7410714285714286 0.38392857142857145 0.12946428571428573 0.16517857142857142
9 0.8035714285714286 0.296875 0.12946428571428573 0.16517857142857142
9 0.6517857142857143 0.24330357142857142 0.12946428571428573 0.16517857142857142