13 0.8504464285714286 0.671875 0.16964285714285715 0.21428571428571427
13 0.8303571428571429 0.2700892857142857 0.15625 0.21428571428571427
13 0.6852678571428571 0.20535714285714285 0.16071428571428573 0.21428571428571427
13 0.25892857142857145 0.9308035714285714 0.14285714285714285 0.13839285714285715
13 0.38169642857142855 0.8839285714285714 0.15178571428571427 0.1875
13 0.28125 0.7901785714285714 0.14285714285714285 0.17410714285714285
13 0.18080357142857142 0.8214285714285714 0.15178571428571427 0.1875
13 0.19196428571428573 0.6584821428571429 0.14732142857142858 0.17857142857142858
13 0.08928571428571429 0.6897321428571429 0.14285714285714285 0.17410714285714285
13 0.11160714285714286 0.5379464285714286 0.14732142857142858 0.1875
13 0.33482142857142855 0.5111607142857143 0.15625 0.19196428571428573
13 0.4486607142857143 0.5892857142857143 0.15625 0.1875
13 0.5669642857142857 0.6049107142857143 0.16964285714285715 0.20535714285714285
13 0.5558035714285714 0.44419642857142855 0.16964285714285715 0.19196428571428573
13 0.4263392857142857 0.43973214285714285 0.16517857142857142 0.19642857142857142
13 0.359375 0.2924107142857143 0.15625 0.19642857142857142
13 0.5357142857142857 0.31026785714285715 0.16517857142857142 0.20089285714285715