2 0.42857142857142855 0.234375 0.41517857142857145 0.16517857142857142
2 0.47544642857142855 0.1875 0.45089285714285715 0.15625
2 0.4799107142857143 0.3169642857142857 0.45982142857142855 0.14732142857142858
2 0.4642857142857143 0.36607142857142855 0.39285714285714285 0.15625
2 0.4107142857142857 0.453125 0.5044642857142857 0.19642857142857142
2 0.4575892857142857 0.5334821428571429 0.4375 0.16517857142857142
2 0.35044642857142855 0.5848214285714286 0.42410714285714285 0.15178571428571427
2 0.31919642857142855 0.6584821428571429 0.5 0.20982142857142858
2 0.5223214285714286 0.7299107142857143 0.33035714285714285 0.12946428571428573
2 0.30580357142857145 0.7410714285714286 0.49107142857142855 0.15625
2 0.421875 0.8058035714285714 0.5178571428571429 0.18303571428571427
2 0.7098214285714286 0.6919642857142857 0.4419642857142857 0.1875