2 0.4017857142857143 0.24330357142857142 0.4107142857142857 0.125
2 0.44419642857142855 0.19196428571428573 0.45089285714285715 0.11160714285714286
2 0.45982142857142855 0.31919642857142855 0.45982142857142855 0.10267857142857142
2 0.45089285714285715 0.3705357142857143 0.38839285714285715 0.11607142857142858
2 0.40625 0.46205357142857145 0.5044642857142857 0.14732142857142858
2 0.45982142857142855 0.5379464285714286 0.4330357142857143 0.12053571428571429
2 0.359375 0.6004464285714286 0.41964285714285715 0.11160714285714286
2 0.33705357142857145 0.6763392857142857 0.4955357142857143 0.16071428571428573
2 0.5446428571428571 0.7254464285714286 0.32589285714285715 0.09821428571428571
2 0.3325892857142857 0.7611607142857143 0.49107142857142855 0.10267857142857142
2 0.45535714285714285 0.8125 0.5133928571428571 0.13392857142857142
2 0.7299107142857143 0.6674107142857143 0.4375 0.14285714285714285