10 0.703125 0.8526785714285714 0.20982142857142858 0.26339285714285715
10 0.578125 0.7589285714285714 0.19196428571428573 0.25892857142857145
10 0.6852678571428571 0.6607142857142857 0.13839285714285715 0.17410714285714285
10 0.484375 0.9107142857142857 0.17410714285714285 0.17857142857142858
10 0.33482142857142855 0.8013392857142857 0.20089285714285715 0.26339285714285715
10 0.46205357142857145 0.65625 0.17410714285714285 0.22767857142857142
10 0.609375 0.5736607142857143 0.13839285714285715 0.18303571428571427
10 0.5982142857142857 0.9330357142857143 0.13392857142857142 0.13392857142857142
10 0.21875 0.6785714285714286 0.21428571428571427 0.2767857142857143
10 0.33035714285714285 0.5803571428571429 0.19642857142857142 0.28125
10 0.19419642857142858 0.5602678571428571 0.22767857142857142 0.30357142857142855
10 0.6049107142857143 0.46875 0.125 0.15625