10 0.796875 0.6941964285714286 0.38392857142857145 0.28125
10 0.8236607142857143 0.44642857142857145 0.25892857142857145 0.33482142857142855
10 0.8459821428571429 0.16517857142857142 0.3080357142857143 0.2767857142857143
10 0.75 0.28794642857142855 0.26339285714285715 0.22321428571428573
10 0.5379464285714286 0.5022321428571429 0.26339285714285715 0.20089285714285715
10 0.6116071428571429 0.7477678571428571 0.21875 0.19642857142857142
10 0.5714285714285714 0.24330357142857142 0.22321428571428573 0.17410714285714285
10 0.6294642857142857 0.09151785714285714 0.23660714285714285 0.18303571428571427
10 0.3950892857142857 0.6696428571428571 0.25 0.16071428571428573
10 0.46875 0.8348214285714286 0.25 0.1875
10 0.45089285714285715 0.296875 0.22767857142857142 0.20982142857142858
10 0.41964285714285715 0.10267857142857142 0.20982142857142858 0.1875
10 0.234375 0.47098214285714285 0.21428571428571427 0.19196428571428573
10 0.3549107142857143 0.359375 0.22767857142857142 0.19196428571428573
10 0.39285714285714285 0.5111607142857143 0.20089285714285715 0.1875
10 0.21651785714285715 0.6361607142857143 0.17410714285714285 0.19196428571428573
10 0.2924107142857143 0.8169642857142857 0.18303571428571427 0.22767857142857142
10 0.14508928571428573 0.8526785714285714 0.19196428571428573 0.17857142857142858
10 0.09375 0.7165178571428571 0.17410714285714285 0.16517857142857142
10 0.3549107142857143 0.044642857142857144 0.20982142857142858 0.08928571428571429
10 0.234375 0.08482142857142858 0.23660714285714285 0.16964285714285715
10 0.1875 0.21428571428571427 0.19196428571428573 0.16071428571428573