9 0.05357142857142857 0.6897321428571429 0.10714285714285714 0.32589285714285715
9 0.140625 0.7410714285714286 0.20982142857142858 0.24107142857142858
9 0.30580357142857145 0.8325892857142857 0.21428571428571427 0.28125
9 0.4263392857142857 0.8973214285714286 0.21875 0.20535714285714285
9 0.49107142857142855 0.6964285714285714 0.23660714285714285 0.3080357142857143
9 0.6540178571428571 0.8705357142857143 0.26339285714285715 0.25892857142857145
9 0.8147321428571429 0.9107142857142857 0.20089285714285715 0.17857142857142858
9 0.7924107142857143 0.6763392857142857 0.26785714285714285 0.33482142857142855
9 0.06473214285714286 0.4330357142857143 0.12946428571428573 0.3125
9 0.15848214285714285 0.515625 0.25 0.29910714285714285
9 0.3236607142857143 0.48214285714285715 0.20089285714285715 0.24107142857142858
9 0.36830357142857145 0.6116071428571429 0.1875 0.24107142857142858
9 0.49776785714285715 0.45982142857142855 0.25892857142857145 0.27232142857142855
9 0.65625 0.3169642857142857 0.24107142857142858 0.3392857142857143
9 0.5200892857142857 0.24776785714285715 0.24107142857142858 0.35267857142857145
9 0.23660714285714285 0.14732142857142858 0.23660714285714285 0.26339285714285715