10 0.6428571428571429 0.7924107142857143 0.29464285714285715 0.26785714285714285
10 0.8147321428571429 0.7254464285714286 0.13392857142857142 0.20535714285714285
10 0.42410714285714285 0.7790178571428571 0.21428571428571427 0.21875
10 0.20758928571428573 0.7008928571428571 0.16517857142857142 0.23660714285714285
10 0.3013392857142857 0.6160714285714286 0.20089285714285715 0.19196428571428573
10 0.5245535714285714 0.6383928571428571 0.2544642857142857 0.17857142857142858
10 0.3861607142857143 0.5089285714285714 0.35714285714285715 0.20089285714285715
10 0.6450892857142857 0.43526785714285715 0.27232142857142855 0.21428571428571427
10 0.84375 0.5602678571428571 0.18303571428571427 0.20089285714285715
10 0.140625 0.48214285714285715 0.17410714285714285 0.23214285714285715
10 0.30357142857142855 0.375 0.25892857142857145 0.18303571428571427
10 0.5982142857142857 0.28348214285714285 0.23214285714285715 0.14732142857142858
10 0.7522321428571429 0.36160714285714285 0.21875 0.32142857142857145
10 0.4375 0.32142857142857145 0.16517857142857142 0.20982142857142858
10 0.37723214285714285 0.14955357142857142 0.2767857142857143 0.15625