10 0.43080357142857145 0.18303571428571427 0.3169642857142857 0.29464285714285715
10 0.24776785714285715 0.203125 0.15178571428571427 0.21428571428571427
10 0.6428571428571429 0.24776785714285715 0.23214285714285715 0.23660714285714285
10 0.8325892857142857 0.375 0.1875 0.25
10 0.7209821428571429 0.43526785714285715 0.21428571428571427 0.21428571428571427
10 0.5089285714285714 0.359375 0.26785714285714285 0.20089285714285715
10 0.6116071428571429 0.5200892857142857 0.3705357142857143 0.23660714285714285
10 0.34375 0.5267857142857143 0.29017857142857145 0.23660714285714285
10 0.18080357142857142 0.35714285714285715 0.20089285714285715 0.21428571428571427
10 0.84375 0.6026785714285714 0.19642857142857142 0.24553571428571427
10 0.6607142857142857 0.6696428571428571 0.2767857142857143 0.20535714285714285
10 0.35044642857142855 0.6875 0.24553571428571427 0.16964285714285715
10 0.22098214285714285 0.5736607142857143 0.25 0.3392857142857143
10 0.515625 0.6897321428571429 0.18303571428571427 0.22321428571428573
10 0.5357142857142857 0.8683035714285714 0.28125 0.18303571428571427