10 0.11160714285714286 0.765625 0.20982142857142858 0.35267857142857145
10 0.31473214285714285 0.8482142857142857 0.21875 0.30357142857142855
10 0.671875 0.8660714285714286 0.19196428571428573 0.25892857142857145
10 0.49330357142857145 0.71875 0.23660714285714285 0.38392857142857145
10 0.25223214285714285 0.5044642857142857 0.3169642857142857 0.35267857142857145
10 0.6629464285714286 0.5580357142857143 0.20089285714285715 0.39732142857142855
10 0.859375 0.7433035714285714 0.24107142857142858 0.36160714285714285
10 0.49330357142857145 0.35044642857142855 0.22321428571428573 0.4017857142857143
10 0.6607142857142857 0.22767857142857142 0.25892857142857145 0.2857142857142857
10 0.8415178571428571 0.3325892857142857 0.19196428571428573 0.4419642857142857
10 0.125 0.20982142857142858 0.25 0.33035714285714285
10 0.3549107142857143 0.15848214285714285 0.21428571428571427 0.3169642857142857