10 0.1875 0.5915178571428571 0.2767857142857143 0.30357142857142855
10 0.22321428571428573 0.7723214285714286 0.20982142857142858 0.13839285714285715
10 0.23883928571428573 0.375 0.22321428571428573 0.22321428571428573
10 0.35267857142857145 0.17633928571428573 0.24107142857142858 0.17410714285714285
10 0.41964285714285715 0.2857142857142857 0.19642857142857142 0.20535714285714285
10 0.359375 0.5 0.1875 0.25892857142857145
10 0.5111607142857143 0.3861607142857143 0.21428571428571427 0.36160714285714285
10 0.5379464285714286 0.6540178571428571 0.22321428571428573 0.2767857142857143
10 0.3794642857142857 0.828125 0.20535714285714285 0.1875
10 0.5803571428571429 0.14955357142857142 0.23660714285714285 0.18303571428571427
10 0.65625 0.328125 0.19196428571428573 0.26785714285714285
10 0.6964285714285714 0.6361607142857143 0.15625 0.24107142857142858
10 0.5915178571428571 0.7723214285714286 0.32589285714285715 0.22767857142857142
10 0.6875 0.47098214285714285 0.21428571428571427 0.17410714285714285
10 0.8660714285714286 0.43973214285714285 0.16517857142857142 0.28125