10 0.13616071428571427 0.6852678571428571 0.26785714285714285 0.21875
10 0.23660714285714285 0.5647321428571429 0.26339285714285715 0.20089285714285715
10 0.33035714285714285 0.6785714285714286 0.17857142857142858 0.14732142857142858
10 0.08928571428571429 0.46205357142857145 0.17857142857142858 0.18303571428571427
10 0.20758928571428573 0.31919642857142855 0.26785714285714285 0.20982142857142858
10 0.34598214285714285 0.453125 0.23214285714285715 0.18303571428571427
10 0.421875 0.6049107142857143 0.18303571428571427 0.14732142857142858
10 0.06473214285714286 0.5736607142857143 0.12946428571428573 0.13839285714285715
10 0.33482142857142855 0.20982142857142858 0.28125 0.22321428571428573
10 0.43080357142857145 0.328125 0.28125 0.20535714285714285
10 0.45535714285714285 0.19196428571428573 0.30357142857142855 0.24107142857142858
10 0.5245535714285714 0.6049107142857143 0.15625 0.13392857142857142