4 0.12265625 0.66484375 0.2453125 0.28125
4 0.4640625 0.51875 0.92734375 0.9609375
4 0.1625 0.346875 0.22578125 0.0859375
4 0.2140625 0.73828125 0.15390625 0.25703125
4 0.20625 0.3078125 0.1171875 0.13515625
4 0.303125 0.6015625 0.25234375 0.41171875
4 0.303125 0.5984375 0.24453125 0.39375
4 0.23984375 0.25859375 0.09609375 0.209375
4 0.3203125 0.27265625 0.0546875 0.26953125
4 0.34296875 0.8453125 0.0796875 0.2
4 0.4109375 0.3515625 0.19453125 0.215625
4 0.45546875 0.653125 0.2078125 0.1078125
4 0.4171875 0.1859375 0.0796875 0.284375
4 0.4734375 0.42890625 0.14609375 0.20078125
4 0.5078125 0.25546875 0.12421875 0.2109375
4 0.58515625 0.85859375 0.14375 0.27890625
4 0.59375 0.18125 0.090625 0.17890625
4 0.66015625 0.33828125 0.1453125 0.13046875
4 0.73125 0.425 0.16875 0.18046875
4 0.81953125 0.45390625 0.171875 0.14140625