2 0.48203125 0.48828125 0.40078125 0.42890625
2 0.496875 0.490625 0.1265625 0.1078125
2 0.3875 0.50859375 0.09921875 0.11328125
2 0.6203125 0.35703125 0.12578125 0.1015625
2 0.4953125 0.340625 0.1125 0.096875
2 0.378125 0.390625 0.10703125 0.10625
2 0.66015625 0.55703125 0.1140625 0.1046875
2 0.38828125 0.6078125 0.11640625 0.10078125
2 0.4484375 0.73125 0.09375 0.09296875
2 0.2328125 0.50234375 0.08984375 0.1203125
2 0.27109375 0.6 0.08125 0.08984375
2 0.51484375 0.23671875 0.134375 0.109375
2 0.26875 0.42265625 0.1203125 0.0875