2 0.1984375 0.88359375 0.1375 0.12734375
2 0.025 0.81875 0.05 0.3078125
2 0.4390625 0.2359375 0.6875 0.22734375
2 0.4828125 0.4796875 0.75 0.2546875
2 0.5375 0.7734375 0.83984375 0.32734375
2 0.459375 0.76640625 0.1328125 0.11875
2 0.721875 0.7640625 0.128125 0.12265625
2 0.83984375 0.66953125 0.12421875 0.12109375
2 0.575 0.67421875 0.1171875 0.1140625
2 0.3140625 0.67578125 0.125 0.096875
2 0.32421875 0.8296875 0.115625 0.2
2 0.19140625 0.76875 0.128125 0.109375
2 0.9 0.875 0.1328125 0.11484375
2 0.41015625 0.475 0.12109375 0.09140625
2 0.53828125 0.4734375 0.1109375 0.08359375
2 0.8 0.5453125 0.11796875 0.09609375
2 0.7453125 0.39140625 0.11171875 0.07421875
2 0.634375 0.39375 0.11640625 0.08359375
2 0.39921875 0.39296875 0.11328125 0.0703125
2 0.72578125 0.29375 0.11015625 0.09765625
2 0.25859375 0.23203125 0.1 0.06796875
2 0.4828125 0.23203125 0.10625 0.0703125
2 0.70546875 0.225 0.10390625 0.0671875
2 0.621875 0.29765625 0.1015625 0.0828125
2 0.1546875 0.30703125 0.1125 0.0859375