2 0.50078125 0.38515625 0.06640625 0.07734375
2 0.55078125 0.56796875 0.31640625 0.471875
2 0.56953125 0.44765625 0.0703125 0.071875
2 0.61640625 0.5125 0.059375 0.08671875
2 0.64140625 0.446875 0.06640625 0.0796875
2 0.6796875 0.5515625 0.06015625 0.0828125
2 0.49453125 0.4625 0.06484375 0.06953125
2 0.425 0.35703125 0.0609375 0.0875
2 0.5796875 0.35859375 0.05859375 0.07734375
2 0.62421875 0.6953125 0.16015625 0.20390625
2 0.4578125 0.70078125 0.0640625 0.0859375
2 0.39296875 0.7046875 0.06328125 0.07734375