2 0.4265625 0.19453125 0.1484375 0.153125
2 0.03515625 0.6953125 0.0703125 0.1859375
2 0.07890625 0.50625 0.1578125 0.165625
2 0.07265625 0.83203125 0.1359375 0.23046875
2 0.175 0.35390625 0.159375 0.17421875
2 0.275 0.1140625 0.1296875 0.16328125
2 0.36015625 0.6203125 0.1453125 0.22890625
2 0.6640625 0.37421875 0.1203125 0.17421875
2 0.6765625 0.57265625 0.1265625 0.228125
2 0.771875 0.759375 0.1546875 0.24453125
2 0.7859375 0.4109375 0.1265625 0.1953125
2 0.85390625 0.64140625 0.16953125 0.184375