2 0.02578125 0.89453125 0.0515625 0.08984375
2 0.0296875 0.73046875 0.05859375 0.06484375
2 0.0484375 0.6109375 0.09609375 0.1703125
2 0.03359375 0.9203125 0.05546875 0.03828125
2 0.04921875 0.76015625 0.05078125 0.03828125
2 0.08359375 0.83203125 0.059375 0.065625
2 0.08828125 0.6984375 0.05703125 0.0640625
2 0.09140625 0.984375 0.06328125 0.02890625
2 0.10546875 0.87109375 0.0515625 0.046875
2 0.11953125 0.728125 0.07265625 0.0640625
2 0.1546875 0.95390625 0.07265625 0.090625
2 0.15078125 0.7859375 0.0609375 0.071875
2 0.3078125 0.534375 0.2421875 0.22265625
2 0.18203125 0.821875 0.07578125 0.065625
2 0.19609375 0.98125 0.0515625 0.02890625
2 0.22265625 0.8984375 0.071875 0.0875
2 0.26484375 0.94453125 0.0734375 0.07890625
2 0.3359375 0.7984375 0.05546875 0.08046875
2 0.37109375 0.84921875 0.05546875 0.0828125
2 0.409375 0.89921875 0.0578125 0.096875
2 0.446875 0.965625 0.059375 0.06640625
2 0.4578125 0.84609375 0.0546875 0.0828125
2 0.490625 0.98359375 0.05703125 0.03046875
2 0.49765625 0.90625 0.0515625 0.07890625
2 0.5046875 0.80546875 0.05 0.07421875
2 0.5421875 0.9546875 0.06484375 0.0828125
2 0.540625 0.853125 0.05390625 0.07890625
2 0.58984375 0.90859375 0.0640625 0.08046875
2 0.590625 0.98203125 0.0546875 0.03046875
2 0.63984375 0.95859375 0.0671875 0.08046875
2 0.6375 0.865625 0.06015625 0.08828125
2 0.65625 0.33359375 0.05 0.0609375
2 0.6546875 0.36953125 0.0421875 0.0484375
2 0.66171875 0.41015625 0.05078125 0.06953125
2 0.678125 0.8203125 0.0609375 0.07265625
2 0.684375 0.915625 0.0671875 0.0984375
2 0.72890625 0.86640625 0.0546875 0.096875
2 0.7953125 0.48671875 0.059375 0.084375
2 0.81796875 0.3359375 0.053125 0.07265625
2 0.8515625 0.4328125 0.0578125 0.1
2 0.8640625 0.36640625 0.07109375 0.07421875
2 0.93984375 0.42421875 0.059375 0.08984375
2 0.9578125 0.46796875 0.05703125 0.09453125
2 0.97265625 0.59765625 0.053125 0.1140625