2 0.375 0.2984375 0.165625 0.2234375
2 0.4125 0.74296875 0.2296875 0.2734375
2 0.22265625 0.771875 0.2390625 0.2234375
2 0.05078125 0.85546875 0.1015625 0.2203125
2 0.20390625 0.0921875 0.1515625 0.153125
2 0.3390625 0.1734375 0.1828125 0.159375
2 0.54453125 0.22734375 0.2015625 0.1640625
2 0.48359375 0.36328125 0.1859375 0.2671875
2 0.6671875 0.36328125 0.1859375 0.19375
2 0.79453125 0.4984375 0.21875 0.2171875
2 0.94375 0.29453125 0.1125 0.1328125
2 0.959375 0.15234375 0.08125 0.1828125
2 0.68515625 0.125 0.1921875 0.1671875
2 0.13671875 0.58046875 0.2625 0.2734375
2 0.18515625 0.2640625 0.209375 0.2359375
2 0.621875 0.69921875 0.221875 0.31875
2 0.53515625 0.89765625 0.2265625 0.2046875
2 0.89296875 0.79296875 0.1828125 0.2265625
2 0.91796875 0.5796875 0.1640625 0.221875
2 0.81953125 0.359375 0.209375 0.215625