2 0.3578125 0.31015625 0.1484375 0.21171875
2 0.434375 0.75 0.20859375 0.25625
2 0.24765625 0.7953125 0.22265625 0.20546875
2 0.06484375 0.89453125 0.121875 0.2109375
2 0.16953125 0.11953125 0.1390625 0.14140625
2 0.3109375 0.1890625 0.17109375 0.14453125
2 0.5203125 0.22421875 0.1890625 0.14765625
2 0.471875 0.36484375 0.1640625 0.253125
2 0.6546875 0.34921875 0.17109375 0.1796875
2 0.79296875 0.47265625 0.2015625 0.2
2 0.9265625 0.25703125 0.10625 0.12421875
2 0.94765625 0.1125 0.1046875 0.175
2 0.6515625 0.11015625 0.1796875 0.15234375
2 0.1453125 0.61171875 0.24140625 0.253125
2 0.165625 0.2921875 0.19140625 0.21953125
2 0.6390625 0.6875 0.19609375 0.30234375
2 0.5703125 0.9 0.209375 0.2
2 0.9171875 0.7578125 0.16484375 0.21328125
2 0.925 0.54296875 0.15 0.21015625
2 0.80625 0.33203125 0.1921875 0.2