4 0.7276785714285714 0.21428571428571427 0.44642857142857145 0.42857142857142855
4 0.45535714285714285 0.26785714285714285 0.35714285714285715 0.38839285714285715
4 0.22544642857142858 0.33705357142857145 0.27232142857142855 0.33482142857142855
4 0.7544642857142857 0.5446428571428571 0.2544642857142857 0.15625
4 0.6160714285714286 0.47098214285714285 0.25892857142857145 0.15625
4 0.7209821428571429 0.7321428571428571 0.375 0.21875
4 0.7008928571428571 0.8950892857142857 0.3482142857142857 0.17410714285714285
4 0.45982142857142855 0.8392857142857143 0.29464285714285715 0.22321428571428573
4 0.27455357142857145 0.8035714285714286 0.22767857142857142 0.27232142857142855
4 0.11383928571428571 0.7410714285714286 0.1875 0.21875
4 0.4375 0.5982142857142857 0.28125 0.23660714285714285
4 0.1875 0.5513392857142857 0.24553571428571427 0.27232142857142855