9 0.7366071428571429 0.9397321428571429 0.32142857142857145 0.12053571428571429
9 0.7767857142857143 0.8325892857142857 0.23214285714285715 0.19196428571428573
9 0.8504464285714286 0.6584821428571429 0.27232142857142855 0.19196428571428573
9 0.9040178571428571 0.53125 0.19196428571428573 0.20535714285714285
9 0.6964285714285714 0.4888392857142857 0.29910714285714285 0.21428571428571427
9 0.8638392857142857 0.30580357142857145 0.26339285714285715 0.24107142857142858
9 0.8950892857142857 0.13839285714285715 0.20982142857142858 0.17857142857142858
9 0.6450892857142857 0.18973214285714285 0.32142857142857145 0.24553571428571427
9 0.47767857142857145 0.9419642857142857 0.3125 0.11607142857142858
9 0.5513392857142857 0.8370535714285714 0.2857142857142857 0.22767857142857142
9 0.5 0.6763392857142857 0.22767857142857142 0.18303571428571427
9 0.625 0.6183035714285714 0.23214285714285715 0.16964285714285715
9 0.45982142857142855 0.5066964285714286 0.2544642857142857 0.24107142857142858
9 0.3013392857142857 0.3638392857142857 0.33035714285714285 0.20982142857142858
9 0.24776785714285715 0.5044642857142857 0.34375 0.21428571428571427
9 0.17857142857142858 0.7991071428571429 0.25 0.21875