10 0.765625 0.8883928571428571 0.35267857142857145 0.20982142857142858
10 0.8482142857142857 0.6852678571428571 0.30357142857142855 0.21875
10 0.8660714285714286 0.328125 0.25892857142857145 0.19196428571428573
10 0.71875 0.5066964285714286 0.38392857142857145 0.23660714285714285
10 0.5044642857142857 0.7477678571428571 0.35267857142857145 0.3169642857142857
10 0.5580357142857143 0.33705357142857145 0.39732142857142855 0.20089285714285715
10 0.7433035714285714 0.140625 0.36160714285714285 0.24107142857142858
10 0.35044642857142855 0.5066964285714286 0.4017857142857143 0.22321428571428573
10 0.22767857142857142 0.3392857142857143 0.2857142857142857 0.25892857142857145
10 0.3325892857142857 0.15848214285714285 0.4419642857142857 0.19196428571428573
10 0.20982142857142858 0.8727678571428571 0.33035714285714285 0.2544642857142857
10 0.15848214285714285 0.6450892857142857 0.3169642857142857 0.21875