9 0.7232142857142857 0.38839285714285715 0.20982142857142858 0.14732142857142858
9 0.7834821428571429 0.4888392857142857 0.14285714285714285 0.11607142857142858
9 0.7455357142857143 0.5848214285714286 0.1875 0.13392857142857142
9 0.7299107142857143 0.6785714285714286 0.18303571428571427 0.12053571428571429
9 0.671875 0.7745535714285714 0.14285714285714285 0.11160714285714286
9 0.5870535714285714 0.8013392857142857 0.15178571428571427 0.12053571428571429
9 0.6629464285714286 0.5245535714285714 0.15178571428571427 0.10267857142857142
9 0.6517857142857143 0.29464285714285715 0.17857142857142858 0.11607142857142858
9 0.5625 0.2700892857142857 0.16964285714285715 0.14285714285714285
9 0.4575892857142857 0.484375 0.17410714285714285 0.13392857142857142
9 0.328125 0.5558035714285714 0.18303571428571427 0.13392857142857142
9 0.5401785714285714 0.5535714285714286 0.13392857142857142 0.08928571428571429
9 0.44419642857142855 0.6116071428571429 0.13839285714285715 0.10267857142857142
9 0.44642857142857145 0.6875 0.16071428571428573 0.10267857142857142
9 0.5647321428571429 0.7075892857142857 0.15178571428571427 0.09821428571428571
9 0.5513392857142857 0.6294642857142857 0.11607142857142858 0.10714285714285714
9 0.3861607142857143 0.8258928571428571 0.16071428571428573 0.125
9 0.34151785714285715 0.7388392857142857 0.15178571428571427 0.10267857142857142
9 0.25669642857142855 0.8660714285714286 0.17410714285714285 0.125
9 0.12723214285714285 0.65625 0.15178571428571427 0.11160714285714286
9 0.125 0.7366071428571429 0.13392857142857142 0.10267857142857142
9 0.328125 0.6383928571428571 0.14285714285714285 0.12053571428571429
9 0.32589285714285715 0.296875 0.16071428571428573 0.12053571428571429
9 0.22544642857142858 0.25892857142857145 0.16071428571428573 0.12053571428571429
9 0.21428571428571427 0.41964285714285715 0.16071428571428573 0.12053571428571429