10 0.22098214285714285 0.28125 0.39732142857142855 0.3080357142857143
10 0.171875 0.5245535714285714 0.28125 0.3482142857142857
10 0.14285714285714285 0.796875 0.2857142857142857 0.29910714285714285
10 0.23214285714285715 0.6875 0.2767857142857143 0.24107142857142858
10 0.46205357142857145 0.4955357142857143 0.27232142857142855 0.21875
10 0.4107142857142857 0.24330357142857142 0.23214285714285715 0.21428571428571427
10 0.40625 0.75 0.23214285714285715 0.1875
10 0.33482142857142855 0.8950892857142857 0.24553571428571427 0.20089285714285715
10 0.6205357142857143 0.34151785714285715 0.2544642857142857 0.17857142857142858
10 0.5602678571428571 0.16964285714285715 0.25892857142857145 0.20089285714285715
10 0.53125 0.7053571428571429 0.23660714285714285 0.22321428571428573
10 0.5424107142857143 0.8995535714285714 0.21875 0.20089285714285715
10 0.7633928571428571 0.5513392857142857 0.22767857142857142 0.20535714285714285
10 0.6316964285714286 0.6517857142857143 0.23660714285714285 0.20535714285714285
10 0.609375 0.49776785714285715 0.21428571428571427 0.20089285714285715
10 0.7946428571428571 0.38839285714285715 0.18303571428571427 0.20089285714285715
10 0.734375 0.203125 0.19642857142857142 0.23660714285714285
10 0.8839285714285714 0.17857142857142858 0.20089285714285715 0.1875
10 0.9151785714285714 0.31919642857142855 0.16964285714285715 0.17410714285714285
10 0.6026785714285714 0.9575892857142857 0.21428571428571427 0.08482142857142858
10 0.7254464285714286 0.9196428571428571 0.24553571428571427 0.16071428571428573
10 0.7857142857142857 0.8125 0.20089285714285715 0.17857142857142858