13 0.8147321428571429 0.7299107142857143 0.14285714285714285 0.20535714285714285
13 0.8638392857142857 0.3325892857142857 0.125 0.20535714285714285
13 0.7321428571428571 0.24107142857142858 0.13392857142857142 0.20089285714285715
13 0.18303571428571427 0.8995535714285714 0.12053571428571429 0.16517857142857142
13 0.3169642857142857 0.8571428571428571 0.12946428571428573 0.17410714285714285
13 0.234375 0.7477678571428571 0.12053571428571429 0.16517857142857142
13 0.12946428571428573 0.7611607142857143 0.12946428571428573 0.17410714285714285
13 0.16741071428571427 0.6026785714285714 0.125 0.16517857142857142
13 0.0625 0.6138392857142857 0.12053571428571429 0.16517857142857142
13 0.11160714285714286 0.46875 0.125 0.17410714285714285
13 0.33482142857142855 0.48214285714285715 0.12946428571428573 0.17857142857142858
13 0.4330357142857143 0.578125 0.13392857142857142 0.17410714285714285
13 0.546875 0.6138392857142857 0.14285714285714285 0.19642857142857142
13 0.5647321428571429 0.45535714285714285 0.14732142857142858 0.17857142857142858
13 0.4375 0.42857142857142855 0.14285714285714285 0.1875
13 0.39732142857142855 0.27232142857142855 0.13392857142857142 0.18303571428571427
13 0.5691964285714286 0.31919642857142855 0.14285714285714285 0.19196428571428573