10 0.7410714285714286 0.171875 0.25 0.18303571428571427
10 0.7053571428571429 0.32142857142857145 0.25 0.16517857142857142
10 0.5714285714285714 0.265625 0.16517857142857142 0.125
10 0.8928571428571429 0.34151785714285715 0.1875 0.15625
10 0.8415178571428571 0.5290178571428571 0.25 0.17410714285714285
10 0.6584821428571429 0.47098214285714285 0.21428571428571427 0.15178571428571427
10 0.5223214285714286 0.3705357142857143 0.17410714285714285 0.12053571428571429
10 0.8616071428571429 0.22991071428571427 0.13839285714285715 0.12053571428571429
10 0.7790178571428571 0.6830357142857143 0.26339285714285715 0.18303571428571427
10 0.640625 0.6227678571428571 0.26785714285714285 0.16517857142857142
10 0.6808035714285714 0.7544642857142857 0.2857142857142857 0.19642857142857142
10 0.43080357142857145 0.4174107142857143 0.14732142857142858 0.11160714285714286