2 0.46875 0.078125 0.5625 0.15625
2 0.43973214285714285 0.15178571428571427 0.6428571428571429 0.16071428571428573
2 0.46651785714285715 0.23214285714285715 0.6294642857142857 0.17410714285714285
2 0.44419642857142855 0.3125 0.6428571428571429 0.17857142857142858
2 0.45089285714285715 0.3950892857142857 0.6160714285714286 0.17410714285714285
2 0.4375 0.4799107142857143 0.5892857142857143 0.16964285714285715
2 0.45535714285714285 0.5602678571428571 0.5982142857142857 0.17410714285714285
2 0.41964285714285715 0.6428571428571429 0.6294642857142857 0.17410714285714285
2 0.4174107142857143 0.734375 0.6919642857142857 0.19642857142857142
2 0.39732142857142855 0.8236607142857143 0.6830357142857143 0.20089285714285715
2 0.4107142857142857 0.9107142857142857 0.6026785714285714 0.17410714285714285