9 0.7410714285714286 0.4330357142857143 0.20535714285714285 0.14732142857142858
9 0.78125 0.5424107142857143 0.14285714285714285 0.11607142857142858
9 0.7232142857142857 0.6294642857142857 0.18303571428571427 0.12946428571428573
9 0.6919642857142857 0.71875 0.18303571428571427 0.11607142857142858
9 0.6160714285714286 0.8013392857142857 0.14285714285714285 0.11160714285714286
9 0.5290178571428571 0.8125 0.15178571428571427 0.12053571428571429
9 0.6540178571428571 0.5558035714285714 0.15178571428571427 0.10267857142857142
9 0.6875 0.328125 0.17857142857142858 0.11160714285714286
9 0.6049107142857143 0.28794642857142855 0.16517857142857142 0.13839285714285715
9 0.46205357142857145 0.47544642857142855 0.16964285714285715 0.12946428571428573
9 0.32142857142857145 0.5223214285714286 0.17857142857142858 0.12946428571428573
9 0.5290178571428571 0.5602678571428571 0.12946428571428573 0.08482142857142858
9 0.42410714285714285 0.5982142857142857 0.13839285714285715 0.09821428571428571
9 0.4107142857142857 0.6741071428571429 0.16071428571428573 0.10267857142857142
9 0.5245535714285714 0.7165178571428571 0.15178571428571427 0.09821428571428571
9 0.5267857142857143 0.6361607142857143 0.11607142857142858 0.10714285714285714
9 0.32589285714285715 0.7991071428571429 0.16071428571428573 0.125
9 0.29910714285714285 0.703125 0.15178571428571427 0.10267857142857142
9 0.18973214285714285 0.8125 0.17410714285714285 0.12053571428571429
9 0.10491071428571429 0.5825892857142857 0.15178571428571427 0.11160714285714286
9 0.08705357142857142 0.6607142857142857 0.13392857142857142 0.09821428571428571
9 0.30580357142857145 0.6049107142857143 0.14285714285714285 0.12053571428571429
9 0.36830357142857145 0.265625 0.16071428571428573 0.12053571428571429
9 0.2767857142857143 0.21205357142857142 0.16071428571428573 0.12053571428571429
9 0.234375 0.36607142857142855 0.16071428571428573 0.12053571428571429