13 0.28794642857142855 0.171875 0.15178571428571427 0.20535714285714285
13 0.10044642857142858 0.5267857142857143 0.13392857142857142 0.20982142857142858
13 0.18973214285714285 0.6584821428571429 0.14285714285714285 0.20535714285714285
13 0.9375 0.23660714285714285 0.125 0.16964285714285715
13 0.7991071428571429 0.23214285714285715 0.13839285714285715 0.17857142857142858
13 0.8370535714285714 0.3638392857142857 0.12946428571428573 0.16964285714285715
13 0.9352678571428571 0.38839285714285715 0.12946428571428573 0.17857142857142858
13 0.8459821428571429 0.5223214285714286 0.13392857142857142 0.16964285714285715
13 0.9419642857142857 0.5491071428571429 0.11607142857142858 0.16964285714285715
13 0.8526785714285714 0.6674107142857143 0.13392857142857142 0.17857142857142858
13 0.6473214285714286 0.5758928571428571 0.13839285714285715 0.18303571428571427
13 0.5892857142857143 0.45089285714285715 0.14285714285714285 0.17857142857142858
13 0.49776785714285715 0.375 0.15178571428571427 0.20089285714285715
13 0.42410714285714285 0.5178571428571429 0.15625 0.18303571428571427
13 0.5334821428571429 0.5892857142857143 0.14732142857142858 0.19196428571428573
13 0.5133928571428571 0.75 0.13839285714285715 0.1875
13 0.3705357142857143 0.6428571428571429 0.15178571428571427 0.19642857142857142