2 0.26339285714285715 0.640625 0.125 0.4107142857142857
2 0.20758928571428573 0.609375 0.11160714285714286 0.45089285714285715
2 0.328125 0.5714285714285714 0.10267857142857142 0.45982142857142855
2 0.38169642857142855 0.5714285714285714 0.11607142857142858 0.38839285714285715
2 0.4799107142857143 0.5982142857142857 0.14732142857142858 0.5044642857142857
2 0.5424107142857143 0.53125 0.12053571428571429 0.4330357142857143
2 0.6227678571428571 0.6205357142857143 0.11160714285714286 0.41964285714285715
2 0.7008928571428571 0.6294642857142857 0.16071428571428573 0.4955357142857143
2 0.7142857142857143 0.41517857142857145 0.09821428571428571 0.32589285714285715
2 0.7857142857142857 0.6205357142857143 0.10267857142857142 0.49107142857142855
2 0.8147321428571429 0.49107142857142855 0.13392857142857142 0.5178571428571429
2 0.625 0.24553571428571427 0.14285714285714285 0.4375