2 0.4174107142857143 0.08482142857142858 0.5580357142857143 0.08928571428571429
2 0.39955357142857145 0.16071428571428573 0.6383928571428571 0.08035714285714286
2 0.4330357142857143 0.23660714285714285 0.625 0.09821428571428571
2 0.421875 0.31919642857142855 0.6383928571428571 0.09821428571428571
2 0.43973214285714285 0.4017857142857143 0.6116071428571429 0.09821428571428571
2 0.43526785714285715 0.48660714285714285 0.5803571428571429 0.09821428571428571
2 0.46205357142857145 0.5669642857142857 0.5892857142857143 0.10267857142857142
2 0.4375 0.6517857142857143 0.625 0.09821428571428571
2 0.44642857142857145 0.7433035714285714 0.6830357142857143 0.11607142857142858
2 0.4375 0.8348214285714286 0.6741071428571429 0.12053571428571429
2 0.46205357142857145 0.9196428571428571 0.59375 0.10267857142857142